Efficiency Table:
-----------------
           [   0, 0.8][ 0.8,1.4442][1.4442,1.556][1.556,   2][   2, 2.5]
[  10,  20] 0.2976206  0.2681843  0.2778970  0.2893252  0.3236355 
[  20,  30] 0.5268663  0.5377395  0.5546148  0.5820194  0.6486839 
[  30,  40] 0.5292926  0.5386449  0.5632129  0.5873812  0.6576194 
[  40,  50] 0.5297689  0.5369063  0.5684428  0.5881573  0.6606147 
[  50,8000] 0.5294556  0.5388783  0.5687723  0.5867769  0.6671451 

Low Errors Table:
-----------------
           [   0, 0.8][ 0.8,1.4442][1.4442,1.556][1.556,   2][   2, 2.5]
[  10,  20] 0.0113071  0.0107709  0.0333762  0.0165243  0.0174306 
[  20,  30] 0.0045535  0.0053615  0.0152973  0.0075553  0.0083032 
[  30,  40] 0.0024677  0.0029617  0.0099083  0.0043797  0.0047073 
[  40,  50] 0.0021572  0.0026183  0.0102676  0.0036338  0.0041533 
[  50,8000] 0.0039194  0.0047748  0.0191770  0.0063795  0.0073901 

High Errors Table:
------------------
           [   0, 0.8][ 0.8,1.4442][1.4442,1.556][1.556,   2][   2, 2.5]
[  10,  20] 0.0106811  0.0109810  0.0344091  0.0159625  0.0183519 
[  20,  30] 0.0045363  0.0051549  0.0156536  0.0075625  0.0080251 
[  30,  40] 0.0024450  0.0029445  0.0095976  0.0042844  0.0046156 
[  40,  50] 0.0021528  0.0026327  0.0100569  0.0036108  0.0040374 
[  50,8000] 0.0038352  0.0047969  0.0191250  0.0062247  0.0072935 


