Efficiency Table:
-----------------
           [   0, 0.8][ 0.8,1.4442][1.4442,1.556][1.556,   2][   2, 2.5]
[  20,  40] 0.9277100  0.9347900  0.9183378  0.9210400  0.8855100 
[  40,  60] 0.9565400  0.9596900  0.9495200  0.9421100  0.9084800 
[  60,8000] 0.9608300  0.9621200  0.9560200  0.9513900  0.9206800 

Low Errors Table:
-----------------
           [   0, 0.8][ 0.8,1.4442][1.4442,1.556][1.556,   2][   2, 2.5]
[  20,  40] 0.0010300  0.0010700  0.0029663  0.0007640  0.0040900 
[  40,  60] 0.0001110  0.0003140  0.0009200  0.0002050  0.0006120 
[  60,8000] 0.0007640  0.0009380  0.0037700  0.0013800  0.0020900 

High Errors Table:
------------------
           [   0, 0.8][ 0.8,1.4442][1.4442,1.556][1.556,   2][   2, 2.5]
[  20,  40] 0.0010300  0.0025500  0.0029663  0.0007310  0.0040900 
[  40,  60] 0.0001110  0.0003140  0.0009200  0.0002050  0.0005530 
[  60,8000] 0.0007690  0.0008610  0.0038600  0.0013900  0.0021000 


