
  RooFitResult: minimized FCN value: -3.46666e+06, estimated distance to minimum: 0.0784354
                covariance matrix quality: Full matrix, but forced positive-definite
                Status : MIGRAD=4 HESSE=0 MINOS=0 

    Constant Parameter    Value     
  --------------------  ------------
              peakFail    9.1188e+01

    Floating Parameter  InitialValue    FinalValue +/-  Error     GblCorr.
  --------------------  ------------  --------------------------  --------
              NbkgFail    3.7110e+03    1.7240e+04 +/-  4.40e+02  <none>
              NbkgPass    5.0000e+01    4.0236e+03 +/-  2.59e+02  <none>
                  Nsig    3.5329e+05    4.2035e+05 +/-  8.04e+02  <none>
              alfaFail    5.0000e+01    4.2833e+01 +/-  2.65e+01  <none>
              betaFail    5.0000e-02    4.1158e-02 +/-  2.78e-02  <none>
                   eff    8.0000e-01    9.5273e-01 +/-  1.01e-03  <none>
             gammaFail    1.0000e-01    1.8222e-02 +/-  3.87e-03  <none>
              meanFail    0.0000e+00   -1.6239e-01 +/-  5.55e-02  <none>
              meanPass    0.0000e+00    6.2239e-02 +/-  6.50e-03  <none>
             sigmaFail    2.0000e+00    5.3065e-01 +/-  1.93e-01  <none>
             sigmaPass    2.0000e+00    7.3438e-01 +/-  1.92e-02  <none>
                 tPass   -1.0000e-01   -9.1246e-03 +/-  2.58e-03  <none>


  Correlation Matrix
 --------------------
   1.0000  -0.0024   0.5002   0.8815   0.8133   0.9042   0.8844   0.6067   0.0001  -0.7371  -0.0004   0.0001
  -0.0024   1.0000  -0.2969  -0.0023  -0.0021   0.0240  -0.0023  -0.0016  -0.0281   0.0020   0.1476  -0.0493
   0.5002  -0.2969   1.0000   0.4832   0.4458   0.4874   0.4848   0.3326   0.0089  -0.4041  -0.0467   0.0157
   0.8815  -0.0023   0.4832   1.0000   0.9701   0.8736   0.9723   0.6656   0.0001  -0.7150  -0.0004   0.0001
   0.8133  -0.0021   0.4458   0.9701   1.0000   0.8060   0.8962   0.6270   0.0001  -0.6612  -0.0003   0.0001
   0.9042   0.0240   0.4874   0.8736   0.8060   1.0000   0.8765   0.6013  -0.0007  -0.7304   0.0038  -0.0013
   0.8844  -0.0023   0.4848   0.9723   0.8962   0.8765   1.0000   0.6746   0.0001  -0.7134  -0.0004   0.0001
   0.6067  -0.0016   0.3326   0.6656   0.6270   0.6013   0.6746   1.0000   0.0000  -0.4956  -0.0002   0.0001
   0.0001  -0.0281   0.0089   0.0001   0.0001  -0.0007   0.0001   0.0000   1.0000  -0.0001  -0.1159  -0.0989
  -0.7371   0.0020  -0.4041  -0.7150  -0.6612  -0.7304  -0.7134  -0.4956  -0.0001   1.0000   0.0003  -0.0001
  -0.0004   0.1476  -0.0467  -0.0004  -0.0003   0.0038  -0.0004  -0.0002  -0.1159   0.0003   1.0000  -0.0103
   0.0001  -0.0493   0.0157   0.0001   0.0001  -0.0013   0.0001   0.0001  -0.0989  -0.0001  -0.0103   1.0000
