
  RooFitResult: minimized FCN value: -9.50068e+06, estimated distance to minimum: 0.0449368
                covariance matrix quality: Full matrix, but forced positive-definite
                Status : MIGRAD=4 HESSE=0 MINOS=0 

    Constant Parameter    Value     
  --------------------  ------------
              peakFail    9.1188e+01

    Floating Parameter  InitialValue    FinalValue +/-  Error     GblCorr.
  --------------------  ------------  --------------------------  --------
              NbkgFail    7.5019e+03    1.4115e+04 +/-  1.80e+02  <none>
              NbkgPass    5.0000e+01    1.7214e+03 +/-  4.12e+03  <none>
                  Nsig    8.5813e+05    1.0568e+06 +/-  3.38e+03  <none>
              alfaFail    5.0000e+01    6.4914e+01 +/-  5.30e-01  <none>
              betaFail    5.0000e-02    7.2532e-02 +/-  6.01e-03  <none>
                   eff    8.0000e-01    9.4237e-01 +/-  2.96e-04  <none>
             gammaFail    1.0000e-01    1.7217e-03 +/-  8.41e-04  <none>
              meanFail    0.0000e+00   -4.8591e-01 +/-  1.84e-02  <none>
              meanPass    0.0000e+00   -3.6176e-01 +/-  4.08e-03  <none>
             sigmaFail    2.0000e+00    1.0669e-03 +/-  8.67e-02  <none>
             sigmaPass    2.0000e+00    6.7245e-02 +/-  1.88e-02  <none>
                 tPass   -1.0000e-01   -4.5237e-08 +/-  1.19e-01  <none>


  Correlation Matrix
 --------------------
   1.0000   0.0095  -0.0196   0.2855   0.0273   0.3058   0.3329   0.0840   0.0044  -0.0141   0.0080   0.0095
   0.0095   1.0000   0.9623   0.0043   0.0002   0.6188   0.0050   0.0013   0.4675  -0.0002   0.8378   0.9981
  -0.0196   0.9623   1.0000  -0.0093  -0.0011   0.5815  -0.0109  -0.0027   0.4500   0.0004   0.8063   0.9606
   0.2855   0.0043  -0.0093   1.0000  -0.2637   0.1424   0.6989   0.0082   0.0020  -0.0059   0.0036   0.0043
   0.0273   0.0002  -0.0011  -0.2637   1.0000   0.0135  -0.3189   0.0944   0.0001   0.0046   0.0002   0.0002
   0.3058   0.6188   0.5815   0.1424   0.0135   1.0000   0.1660   0.0419   0.2893  -0.0070   0.5185   0.6177
   0.3329   0.0050  -0.0109   0.6989  -0.3189   0.1660   1.0000   0.1070   0.0023  -0.0041   0.0042   0.0049
   0.0840   0.0013  -0.0027   0.0082   0.0944   0.0419   0.1070   1.0000   0.0006   0.0427   0.0011   0.0013
   0.0044   0.4675   0.4500   0.0020   0.0001   0.2893   0.0023   0.0006   1.0000  -0.0001   0.3435   0.4705
  -0.0141  -0.0002   0.0004  -0.0059   0.0046  -0.0070  -0.0041   0.0427  -0.0001   1.0000  -0.0002  -0.0002
   0.0080   0.8378   0.8063   0.0036   0.0002   0.5185   0.0042   0.0011   0.3435  -0.0002   1.0000   0.8361
   0.0095   0.9981   0.9606   0.0043   0.0002   0.6177   0.0049   0.0013   0.4705  -0.0002   0.8361   1.0000
