
  RooFitResult: minimized FCN value: -174937, estimated distance to minimum: 205.535
                covariance matrix quality: Full matrix, but forced positive-definite
                Status : MIGRAD=4 HESSE=0 

    Constant Parameter    Value     
  --------------------  ------------
              peakFail    9.1188e+01

    Floating Parameter  InitialValue    FinalValue +/-  Error     GblCorr.
  --------------------  ------------  --------------------------  --------
              NbkgFail    1.5933e+04    1.5933e+04 +/-  4.56e+02  <none>
              NbkgPass    1.9398e+03    1.9397e+03 +/-  5.26e+01  <none>
                  Nsig    2.1725e+04    2.1725e+04 +/-  4.54e+02  <none>
              alfaFail    1.2464e+01    4.7877e+01 +/-  3.22e+00  <none>
              betaFail    1.8519e-01    1.8645e-01 +/-  1.90e-01  <none>
                   eff    8.3135e-01    8.3135e-01 +/-  2.89e-02  <none>
             gammaFail    2.8464e-02    2.8468e-02 +/-  2.94e-04  <none>
              meanFail   -7.7677e-01   -7.7623e-01 +/-  5.30e-01  <none>
              meanPass   -1.1654e+00   -1.1654e+00 +/-  2.70e-02  <none>
             sigmaFail    2.8100e-02    4.7776e-03 +/-  3.90e-01  <none>
             sigmaPass    1.5308e+00    1.5308e+00 +/-  6.33e-02  <none>
                 tPass   -4.7716e-02   -4.7717e-02 +/-  1.59e-03  <none>


  Correlation Matrix
 --------------------
   1.0000  -0.4374  -0.9699  -0.9865   0.9841   0.9857  -0.3217   0.9238  -0.0156   0.4672   0.0794  -0.0993
  -0.4374   1.0000   0.4112   0.4422  -0.4412  -0.4466   0.1442  -0.4141   0.0206  -0.2095  -0.1046   0.1309
  -0.9699   0.4112   1.0000   0.9807  -0.9784  -0.9797   0.3198  -0.9184   0.0147  -0.4645  -0.0746   0.0934
  -0.9865   0.4422   0.9807   1.0000  -0.9976  -0.9966   0.3268  -0.9367   0.0158  -0.4736  -0.0803   0.1004
   0.9841  -0.4412  -0.9784  -0.9976   1.0000   0.9943  -0.3261   0.9344  -0.0158   0.4724   0.0801  -0.1002
   0.9857  -0.4466  -0.9797  -0.9966   0.9943   1.0000  -0.3250   0.9333  -0.0160   0.4721   0.0811  -0.1014
  -0.3217   0.1442   0.3198   0.3268  -0.3261  -0.3250   1.0000  -0.3046   0.0052  -0.1538  -0.0262   0.0328
   0.9238  -0.4141  -0.9184  -0.9367   0.9344   0.9333  -0.3046   1.0000  -0.0148   0.4992   0.0752  -0.0940
  -0.0156   0.0206   0.0147   0.0158  -0.0158  -0.0160   0.0052  -0.0148   1.0000  -0.0075  -0.0508  -0.0176
   0.4672  -0.2095  -0.4645  -0.4736   0.4724   0.4721  -0.1538   0.4992  -0.0075   1.0000   0.0380  -0.0476
   0.0794  -0.1046  -0.0746  -0.0803   0.0801   0.0811  -0.0262   0.0752  -0.0508   0.0380   1.0000  -0.0917
  -0.0993   0.1309   0.0934   0.1004  -0.1002  -0.1014   0.0328  -0.0940  -0.0176  -0.0476  -0.0917   1.0000
