
  RooFitResult: minimized FCN value: -1.3646e+06, estimated distance to minimum: 8.10682e-05
                covariance matrix quality: Full, accurate covariance matrix
                Status : MIGRAD=0 HESSE=0 

    Constant Parameter    Value     
  --------------------  ------------
              peakFail    9.1188e+01

    Floating Parameter  InitialValue    FinalValue +/-  Error     GblCorr.
  --------------------  ------------  --------------------------  --------
              NbkgFail    4.1443e+03    4.1441e+03 +/-  1.22e+02  <none>
              NbkgPass    1.3730e+03    1.3724e+03 +/-  1.04e+02  <none>
                  Nsig    1.8891e+05    1.8891e+05 +/-  4.57e+02  <none>
              alfaFail    8.0000e+01    8.0000e+01 +/-  7.98e-02  <none>
              betaFail    4.6565e-02    4.6556e-02 +/-  2.33e-03  <none>
                   eff    9.4833e-01    9.4833e-01 +/-  7.29e-04  <none>
             gammaFail    5.1665e-12    4.9688e-13 +/-  1.16e-04  <none>
              meanFail   -4.7294e-01   -4.7299e-01 +/-  6.08e-02  <none>
              meanPass   -3.7271e-01   -3.7269e-01 +/-  1.15e-02  <none>
             sigmaFail    4.6356e-01    4.6295e-01 +/-  3.79e-01  <none>
             sigmaPass    3.3141e-01    3.3189e-01 +/-  8.24e-02  <none>
                 tPass   -8.1839e-12   -3.4472e-12 +/-  5.10e-04  <none>


  Correlation Matrix
 --------------------
   1.0000  -0.0000  -0.1928   0.0006   0.3985   0.6073   0.0041  -0.1411  -0.0000  -0.3705   0.0000   0.0000
  -0.0000   1.0000  -0.1977   0.0000  -0.0000  -0.0339   0.0000   0.0000   0.0302   0.0000  -0.1143  -0.0279
  -0.1928  -0.1977   1.0000  -0.0001  -0.1064  -0.1545  -0.0011   0.0377  -0.0068   0.0989   0.0259   0.0063
   0.0006   0.0000  -0.0001   1.0000   0.0088   0.0005  -0.0002   0.0032  -0.0000   0.0000  -0.0000   0.0000
   0.3985  -0.0000  -0.1064   0.0088   1.0000   0.3351   0.0098  -0.0894  -0.0000  -0.1799  -0.0000   0.0000
   0.6073  -0.0339  -0.1545   0.0005   0.3351   1.0000   0.0034  -0.1186  -0.0012  -0.3116   0.0044   0.0011
   0.0041   0.0000  -0.0011  -0.0002   0.0098   0.0034   1.0000   0.0021  -0.0000  -0.0016  -0.0000   0.0000
  -0.1411   0.0000   0.0377   0.0032  -0.0894  -0.1186   0.0021   1.0000  -0.0000   0.2786  -0.0000  -0.0000
  -0.0000   0.0302  -0.0068  -0.0000  -0.0000  -0.0012  -0.0000  -0.0000   1.0000  -0.0000   0.2768   0.0013
  -0.3705   0.0000   0.0989   0.0000  -0.1799  -0.3116  -0.0016   0.2786  -0.0000   1.0000  -0.0000  -0.0000
   0.0000  -0.1143   0.0259  -0.0000  -0.0000   0.0044  -0.0000  -0.0000   0.2768  -0.0000   1.0000   0.0035
   0.0000  -0.0279   0.0063   0.0000   0.0000   0.0011   0.0000  -0.0000   0.0013  -0.0000   0.0035   1.0000
