
  RooFitResult: minimized FCN value: -24032.2, estimated distance to minimum: 1.55992e-07
                covariance matrix quality: Full, accurate covariance matrix
                Status : MIGRAD=0 HESSE=0 MINOS=0 

    Constant Parameter    Value     
  --------------------  ------------
              peakFail    9.1188e+01

    Floating Parameter  InitialValue    FinalValue +/-  Error     GblCorr.
  --------------------  ------------  --------------------------  --------
              NbkgFail    3.5650e+02    2.9538e+03 +/-  1.11e+02  <none>
              NbkgPass    5.0000e+01    4.0705e+02 +/-  6.91e+01  <none>
                  Nsig    6.6696e+03    4.9762e+03 +/-  1.37e+02  <none>
              alfaFail    5.0000e+01    9.1782e+00 +/-  3.30e+01  <none>
              betaFail    5.0000e-02    6.6545e-02 +/-  7.18e-02  <none>
                   eff    8.0000e-01    8.7717e-01 +/-  1.79e-02  <none>
             gammaFail    1.0000e-01    3.0906e-02 +/-  1.32e-03  <none>
              meanFail    0.0000e+00   -4.0018e+00 +/-  1.21e-01  <none>
              meanPass    0.0000e+00   -7.3934e-01 +/-  1.37e-01  <none>
             sigmaFail    2.0000e+00    2.5623e-04 +/-  3.10e+00  <none>
             sigmaPass    2.0000e+00    1.0796e+00 +/-  3.64e-01  <none>
                 tPass   -1.0000e-01   -6.1181e-02 +/-  8.82e-03  <none>


  Correlation Matrix
 --------------------
   1.0000   0.0005  -0.6197   0.0000  -0.0000   0.8390   0.3324   0.0000   0.0000   0.0000  -0.0002   0.0002
   0.0005   1.0000  -0.4607   0.0000  -0.0000  -0.0867   0.0002  -0.0000   0.0570  -0.0000  -0.3488   0.3678
  -0.6197  -0.4607   1.0000  -0.0000   0.0000  -0.6386  -0.2704  -0.0000  -0.0287  -0.0000   0.1756  -0.1850
   0.0000   0.0000  -0.0000   1.0000   0.0017   0.0000   0.0001   0.0000   0.0000   0.0000   0.0000   0.0000
  -0.0000  -0.0000   0.0000   0.0017   1.0000  -0.0001  -0.0001   0.0000  -0.0000   0.0000   0.0000  -0.0000
   0.8390  -0.0867  -0.6386   0.0000  -0.0001   1.0000   0.3660   0.0000  -0.0054   0.0000   0.0330  -0.0348
   0.3324   0.0002  -0.2704   0.0001  -0.0001   0.3660   1.0000   0.0000   0.0000   0.0000  -0.0001   0.0001
   0.0000  -0.0000  -0.0000   0.0000   0.0000   0.0000   0.0000   1.0000   0.0000   0.2743   0.0000   0.0000
   0.0000   0.0570  -0.0287   0.0000  -0.0000  -0.0054   0.0000   0.0000   1.0000   0.0000  -0.0291  -0.1951
   0.0000  -0.0000  -0.0000   0.0000   0.0000   0.0000   0.0000   0.2743   0.0000   1.0000   0.0000   0.0000
  -0.0002  -0.3488   0.1756   0.0000   0.0000   0.0330  -0.0001   0.0000  -0.0291   0.0000   1.0000  -0.2723
   0.0002   0.3678  -0.1850   0.0000  -0.0000  -0.0348   0.0001   0.0000  -0.1951   0.0000  -0.2723   1.0000
