
  RooFitResult: minimized FCN value: -182213, estimated distance to minimum: 1.03266e-06
                covariance matrix quality: Approximation only, not accurate
                Status : MIGRAD=0 HESSE=0 

    Constant Parameter    Value     
  --------------------  ------------
              peakFail    9.1188e+01

    Floating Parameter  InitialValue    FinalValue +/-  Error     GblCorr.
  --------------------  ------------  --------------------------  --------
              NbkgFail    1.6125e+04    1.6125e+04 +/-  1.41e+02  <none>
              NbkgPass    2.1065e+03    2.1064e+03 +/-  8.35e+01  <none>
                  Nsig    2.2514e+04    2.2513e+04 +/-  1.68e+02  <none>
              alfaFail    9.8536e+01    5.1553e+01 +/-  1.01e+02  <none>
              betaFail    6.4006e-08    2.2870e-08 +/-  1.74e-03  <none>
                   eff    8.1385e-01    8.1386e-01 +/-  4.09e-03  <none>
             gammaFail    2.6665e-02    2.6665e-02 +/-  5.24e-04  <none>
              meanFail   -2.1271e+00   -2.1271e+00 +/-  2.26e-01  <none>
              meanPass   -1.9941e+00   -1.9941e+00 +/-  4.32e-02  <none>
             sigmaFail    1.5926e+00    1.5930e+00 +/-  3.64e-01  <none>
             sigmaPass    4.0170e-01    4.0167e-01 +/-  1.22e-01  <none>
                 tPass   -4.2288e-02   -4.2289e-02 +/-  2.61e-03  <none>


  Correlation Matrix
 --------------------
   1.0000   0.0000   0.0000   0.0000   0.0000   0.0000   0.0000   0.0000   0.0000   0.0000   0.0000   0.0000
   0.0000   1.0000   0.0000   0.0000   0.0000   0.0000   0.0000   0.0000   0.0000   0.0000   0.0000   0.0000
   0.0000   0.0000   1.0000   0.0000   0.0000   0.0000   0.0000   0.0000   0.0000   0.0000   0.0000   0.0000
   0.0000   0.0000   0.0000   1.0000   0.0000   0.0000   0.0000   0.0000   0.0000   0.0000   0.0000   0.0000
   0.0000   0.0000   0.0000   0.0000   1.0000   0.0000   0.0000   0.0000   0.0000   0.0000   0.0000   0.0000
   0.0000   0.0000   0.0000   0.0000   0.0000   1.0000   0.0000   0.0000   0.0000   0.0000   0.0000   0.0000
   0.0000   0.0000   0.0000   0.0000   0.0000   0.0000   1.0000   0.0000   0.0000   0.0000   0.0000   0.0000
   0.0000   0.0000   0.0000   0.0000   0.0000   0.0000   0.0000   1.0000   0.0000   0.0000   0.0000   0.0000
   0.0000   0.0000   0.0000   0.0000   0.0000   0.0000   0.0000   0.0000   1.0000   0.0000   0.0000   0.0000
   0.0000   0.0000   0.0000   0.0000   0.0000   0.0000   0.0000   0.0000   0.0000   1.0000   0.0000   0.0000
   0.0000   0.0000   0.0000   0.0000   0.0000   0.0000   0.0000   0.0000   0.0000   0.0000   1.0000   0.0000
   0.0000   0.0000   0.0000   0.0000   0.0000   0.0000   0.0000   0.0000   0.0000   0.0000   0.0000   1.0000
