
  RooFitResult: minimized FCN value: -735930, estimated distance to minimum: 6.945
                covariance matrix quality: Approximation only, not accurate
                Status : MIGRAD=4 HESSE=0 MINOS=0 

    Constant Parameter    Value     
  --------------------  ------------
              peakFail    9.1188e+01

    Floating Parameter  InitialValue    FinalValue +/-  Error     GblCorr.
  --------------------  ------------  --------------------------  --------
              NbkgFail    1.5489e+03    3.6338e+03 +/-  8.95e+01  <none>
              NbkgPass    5.0000e+01    4.2000e+02 +/-  1.17e+02  <none>
                  Nsig    9.2517e+04    1.1159e+05 +/-  3.38e+02  <none>
              alfaFail    5.0000e+01    2.0165e+01 +/-  3.56e+01  <none>
              betaFail    5.0000e-02    1.8087e-01 +/-  1.90e-02  <none>
                   eff    8.0000e-01    8.9376e-01 +/-  1.00e-03  <none>
             gammaFail    1.0000e-01    1.8138e-02 +/-  1.26e-03  <none>
              meanFail    0.0000e+00   -1.0266e+00 +/-  5.34e-02  <none>
              meanPass    0.0000e+00   -6.5016e-01 +/-  1.39e-02  <none>
             sigmaFail    2.0000e+00    8.5248e-03 +/-  8.81e-01  <none>
             sigmaPass    2.0000e+00    4.7823e-02 +/-  6.73e-02  <none>
                 tPass   -1.0000e-01   -1.5600e-03 +/-  1.53e-02  <none>


  Correlation Matrix
 --------------------
   1.0000   0.0000   0.0000   0.0000   0.0000   0.0000   0.0000   0.0000   0.0000   0.0000   0.0000   0.0000
   0.0000   1.0000   0.0000   0.0000   0.0000   0.0000   0.0000   0.0000   0.0000   0.0000   0.0000   0.0000
   0.0000   0.0000   1.0000   0.0000   0.0000   0.0000   0.0000   0.0000   0.0000   0.0000   0.0000   0.0000
   0.0000   0.0000   0.0000   1.0000   0.0000   0.0000   0.0000   0.0000   0.0000   0.0000   0.0000   0.0000
   0.0000   0.0000   0.0000   0.0000   1.0000   0.0000   0.0000   0.0000   0.0000   0.0000   0.0000   0.0000
   0.0000   0.0000   0.0000   0.0000   0.0000   1.0000   0.0000   0.0000   0.0000   0.0000   0.0000   0.0000
   0.0000   0.0000   0.0000   0.0000   0.0000   0.0000   1.0000   0.0000   0.0000   0.0000   0.0000   0.0000
   0.0000   0.0000   0.0000   0.0000   0.0000   0.0000   0.0000   1.0000   0.0000   0.0000   0.0000   0.0000
   0.0000   0.0000   0.0000   0.0000   0.0000   0.0000   0.0000   0.0000   1.0000   0.0000   0.0000   0.0000
   0.0000   0.0000   0.0000   0.0000   0.0000   0.0000   0.0000   0.0000   0.0000   1.0000   0.0000   0.0000
   0.0000   0.0000   0.0000   0.0000   0.0000   0.0000   0.0000   0.0000   0.0000   0.0000   1.0000   0.0000
   0.0000   0.0000   0.0000   0.0000   0.0000   0.0000   0.0000   0.0000   0.0000   0.0000   0.0000   1.0000
