
  RooFitResult: minimized FCN value: -722957, estimated distance to minimum: 224523
                covariance matrix quality: Full, accurate covariance matrix
                Status : MIGRAD=4 HESSE=0 MINOS=0 

    Constant Parameter    Value     
  --------------------  ------------
              peakFail    9.1188e+01

    Floating Parameter  InitialValue    FinalValue (+HiError,-LoError)    GblCorr.
  --------------------  ------------  ----------------------------------  --------
              NbkgFail    3.0645e+03    1.7036e+04         +/-  1.96e+02  <none>
              NbkgPass    5.0000e+01    3.2259e+03         +/-  1.92e+02  <none>
                  Nsig    9.7159e+04    1.0119e+05         +/-  3.95e+02  <none>
              alfaFail    5.0000e+01    5.6784e+01         +/-  5.38e-01  <none>
              betaFail    5.0000e-02    2.0000e-01         +/-  8.04e-03  <none>
                   eff    8.0000e-01    8.6551e-01 (+1.67e-03,-1.66e-03)  <none>
             gammaFail    1.0000e-01    4.3282e-02         +/-  7.19e-04  <none>
              meanFail    0.0000e+00   -2.0029e+00         +/-  1.05e-06  <none>
              meanPass    0.0000e+00   -1.3274e+00         +/-  1.73e-02  <none>
             sigmaFail    2.0000e+00    5.3512e-05         +/-  1.14e-08  <none>
             sigmaPass    2.0000e+00    6.1296e-01         +/-  6.73e-02  <none>
                 tPass   -1.0000e-01   -5.3419e-02         +/-  3.83e-03  <none>


  Correlation Matrix
 --------------------
   1.0000   0.0000  -0.2764   0.0365   0.0010   0.5606  -0.2794  -0.0000   0.0000  -0.0000  -0.0000   0.0000
   0.0000   1.0000   0.4422  -0.0003   0.0002   0.1394  -0.0001  -0.0000  -0.0409  -0.0000   0.1533   0.5394
  -0.2764   0.4422   1.0000  -0.0183  -0.0004  -0.2106   0.1386  -0.0000  -0.0198  -0.0000   0.0744   0.2615
   0.0365  -0.0003  -0.0183   1.0000  -0.4729   0.0367   0.3568  -0.0000   0.0002  -0.0000  -0.0014  -0.0003
   0.0010   0.0002  -0.0004  -0.4729   1.0000   0.0010   0.0021   0.0000  -0.0001   0.0000   0.0007   0.0002
   0.5606   0.1394  -0.2106   0.0367   0.0010   1.0000  -0.2813  -0.0000  -0.0062  -0.0000   0.0234   0.0825
  -0.2794  -0.0001   0.1386   0.3568   0.0021  -0.2813   1.0000  -0.0000   0.0001  -0.0000  -0.0005  -0.0001
  -0.0000  -0.0000  -0.0000  -0.0000   0.0000  -0.0000  -0.0000   1.0000   0.0000  -0.0000  -0.0000  -0.0000
   0.0000  -0.0409  -0.0198   0.0002  -0.0001  -0.0062   0.0001   0.0000   1.0000   0.0000  -0.1756   0.0245
  -0.0000  -0.0000  -0.0000  -0.0000   0.0000  -0.0000  -0.0000  -0.0000   0.0000   1.0000  -0.0000  -0.0000
  -0.0000   0.1533   0.0744  -0.0014   0.0007   0.0234  -0.0005  -0.0000  -0.1756  -0.0000   1.0000   0.1293
   0.0000   0.5394   0.2615  -0.0003   0.0002   0.0825  -0.0001  -0.0000   0.0245  -0.0000   0.1293   1.0000
