
  RooFitResult: minimized FCN value: -8.15775e+06, estimated distance to minimum: 0.0262353
                covariance matrix quality: Full matrix, but forced positive-definite
                Status : MIGRAD=4 HESSE=0 MINOS=0 

    Constant Parameter    Value     
  --------------------  ------------
              peakFail    9.1188e+01

    Floating Parameter  InitialValue    FinalValue (+HiError,-LoError)    GblCorr.
  --------------------  ------------  ----------------------------------  --------
              NbkgFail    4.3871e+03    7.3014e+03         +/-  1.09e+02  <none>
              NbkgPass    5.0000e+01    1.8190e+03         +/-  2.03e+03  <none>
                  Nsig    7.3278e+05    9.0685e+05         +/-  1.52e+03  <none>
              alfaFail    5.1000e+01    7.9997e+01         +/-  6.68e-02  <none>
              betaFail    5.0000e-02    5.9517e-02         +/-  1.41e-03  <none>
                   eff    8.0000e-01    9.5967e-01 (+2.83e-04,-2.84e-04)  <none>
             gammaFail    1.0000e-01    1.5434e-02         +/-  9.61e-04  <none>
              meanFail    0.0000e+00   -4.0097e-01         +/-  1.79e-02  <none>
              meanPass    0.0000e+00   -3.2545e-01         +/-  3.36e-03  <none>
             sigmaFail    2.0000e+00    5.0918e-01         +/-  8.41e-02  <none>
             sigmaPass    2.0000e+00    4.7153e-01         +/-  1.94e-02  <none>
                 tPass   -1.0000e-01   -7.7940e-09         +/-  3.25e-02  <none>


  Correlation Matrix
 --------------------
   1.0000  -0.0041  -0.0261  -0.0694  -0.2451   0.2630   0.2328  -0.0018   0.0010  -0.1828   0.0030   0.0041
  -0.0041   1.0000  -0.8694   0.0006   0.0019  -0.3246  -0.0019   0.0000  -0.2335   0.0014  -0.7288  -0.9984
  -0.0261  -0.8694   1.0000   0.0034   0.0122   0.2674  -0.0116   0.0001   0.2031   0.0092   0.6339   0.8684
  -0.0694   0.0006   0.0034   1.0000  -0.2112  -0.0350  -0.4502   0.0538  -0.0001   0.0279  -0.0004  -0.0006
  -0.2451   0.0019   0.0122  -0.2112   1.0000  -0.1237  -0.2745  -0.0259  -0.0005   0.0704  -0.0014  -0.0019
   0.2630  -0.3246   0.2674  -0.0350  -0.1237   1.0000   0.1175  -0.0009   0.0758  -0.0922   0.2367   0.3242
   0.2328  -0.0019  -0.0116  -0.4502  -0.2745   0.1175   1.0000   0.0641   0.0004  -0.0707   0.0014   0.0019
  -0.0018   0.0000   0.0001   0.0538  -0.0259  -0.0009   0.0641   1.0000  -0.0000   0.0842  -0.0000  -0.0000
   0.0010  -0.2335   0.2031  -0.0001  -0.0005   0.0758   0.0004  -0.0000   1.0000  -0.0003   0.2150   0.2346
  -0.1828   0.0014   0.0092   0.0279   0.0704  -0.0922  -0.0707   0.0842  -0.0003   1.0000  -0.0010  -0.0014
   0.0030  -0.7288   0.6339  -0.0004  -0.0014   0.2367   0.0014  -0.0000   0.2150  -0.0010   1.0000   0.7278
   0.0041  -0.9984   0.8684  -0.0006  -0.0019   0.3242   0.0019  -0.0000   0.2346  -0.0014   0.7278   1.0000
