
  RooFitResult: minimized FCN value: -1.02274e+07, estimated distance to minimum: 2.42198e-05
                covariance matrix quality: Full, accurate covariance matrix
                Status : MIGRAD=4 HESSE=0 MINOS=0 

    Constant Parameter    Value     
  --------------------  ------------
              peakFail    9.1188e+01

    Floating Parameter  InitialValue    FinalValue (+HiError,-LoError)    GblCorr.
  --------------------  ------------  ----------------------------------  --------
              NbkgFail    1.1602e+04    4.2973e+04         +/-  3.37e+02  <none>
              NbkgPass    5.0000e+01    1.0803e+04         +/-  4.30e+02  <none>
                  Nsig    9.3324e+05    1.1128e+06         +/-  1.17e+03  <none>
              alfaFail    5.0000e+01    5.7230e+01         +/-  4.28e-01  <none>
              betaFail    5.0000e-02    2.0000e-01         +/-  6.96e-03  <none>
                   eff    8.0000e-01    9.3436e-01 (+3.20e-04,-3.23e-04)  <none>
             gammaFail    1.0000e-01    1.6622e-02         +/-  3.87e-04  <none>
              meanFail    0.0000e+00   -5.2260e-01         +/-  2.16e-02  <none>
              meanPass    0.0000e+00   -2.5500e-01         +/-  4.20e-03  <none>
             sigmaFail    2.0000e+00    4.2146e-01         +/-  1.69e-01  <none>
             sigmaPass    2.0000e+00    5.4112e-01         +/-  1.52e-02  <none>
                 tPass   -1.0000e-01   -4.9087e-03         +/-  1.52e-03  <none>


  Correlation Matrix
 --------------------
   1.0000  -0.0002  -0.1794   0.1494  -0.0119   0.5422  -0.0170  -0.0130  -0.0000  -0.3156   0.0000  -0.0000
  -0.0002   1.0000  -0.3498  -0.0000   0.0000  -0.0740   0.0000   0.0000   0.0145   0.0001  -0.1657   0.0153
  -0.1794  -0.3498   1.0000  -0.0431   0.0034  -0.1293   0.0049   0.0038  -0.0054   0.0912   0.0615  -0.0056
   0.1494  -0.0000  -0.0431   1.0000  -0.5457   0.1305   0.4331   0.0830  -0.0000  -0.0641   0.0000  -0.0000
  -0.0119   0.0000   0.0034  -0.5457   1.0000  -0.0104  -0.0444  -0.0109   0.0000   0.0086  -0.0000   0.0000
   0.5422  -0.0740  -0.1293   0.1305  -0.0104   1.0000  -0.0148  -0.0113  -0.0011  -0.2756   0.0130  -0.0012
  -0.0170   0.0000   0.0049   0.4331  -0.0444  -0.0148   1.0000   0.1883   0.0000   0.0899  -0.0000   0.0000
  -0.0130   0.0000   0.0038   0.0830  -0.0109  -0.0113   0.1883   1.0000   0.0000   0.1999  -0.0000   0.0000
  -0.0000   0.0145  -0.0054  -0.0000   0.0000  -0.0011   0.0000   0.0000   1.0000   0.0000   0.0223  -0.1127
  -0.3156   0.0001   0.0912  -0.0641   0.0086  -0.2756   0.0899   0.1999   0.0000   1.0000  -0.0000   0.0000
   0.0000  -0.1657   0.0615   0.0000  -0.0000   0.0130  -0.0000  -0.0000   0.0223  -0.0000   1.0000  -0.0251
  -0.0000   0.0153  -0.0056  -0.0000   0.0000  -0.0012   0.0000   0.0000  -0.1127   0.0000  -0.0251   1.0000
