
  RooFitResult: minimized FCN value: 73.6651, estimated distance to minimum: 994.921
                covariance matrix quality: Full matrix, but forced positive-definite
                Status : MIGRAD=4 HESSE=0 

    Constant Parameter    Value     
  --------------------  ------------
              peakFail    9.1188e+01

    Floating Parameter  InitialValue    FinalValue +/-  Error     GblCorr.
  --------------------  ------------  --------------------------  --------
              NbkgFail    9.9990e-01    9.9990e-01 +/-  1.36e-04  <none>
              NbkgPass    5.0000e+01    5.0000e+01 +/-  0.00e+00  <none>
                  Nsig    2.8229e+01    2.8229e+01 +/-  9.21e-03  <none>
              alfaFail    1.0256e+02    1.0256e+02 +/-  5.21e-03  <none>
              betaFail    2.0000e-01    2.0000e-01 +/-  4.06e-07  <none>
                   eff    1.0000e+00    1.0000e+00 +/-  3.40e-07  <none>
             gammaFail    1.0000e+00    1.0000e+00 +/-  1.63e-05  <none>
              meanFail    3.5527e-15    3.5527e-15 +/-  6.58e-07  <none>
              meanPass    1.5139e+00    1.5139e+00 +/-  6.64e-03  <none>
             sigmaFail    2.0000e+00    2.0000e+00 +/-  2.35e-10  <none>
             sigmaPass    2.5215e-03    2.5215e-03 +/-  5.72e-04  <none>
                 tPass   -1.4758e-03   -1.4758e-03 +/-  4.10e-04  <none>


  Correlation Matrix
 --------------------
   1.0000   0.0000   0.0000   0.0000   0.0000   0.0000   0.0000   0.5329   0.0000   0.1381  -0.5339   0.0000
   0.0000   1.0000   0.0020   0.0006   0.0001   0.0025   0.0231   0.0000   0.0231   0.0000  -0.0000   0.0000
   0.0000   0.0020   1.0000   0.0012   0.0002   0.0046   0.0426   0.0000   0.0426   0.0000  -0.0000   0.0000
   0.0000   0.0006   0.0012   1.0000   0.0001   0.0015   0.0139   0.0000   0.0139   0.0000  -0.0000   0.0000
   0.0000   0.0001   0.0002   0.0001   1.0000   0.0003   0.0026   0.0000   0.0026   0.0000  -0.0000   0.0000
   0.0000   0.0025   0.0046   0.0015   0.0003   1.0000   0.0537   0.0000   0.0537   0.0000  -0.0000   0.0000
   0.0000   0.0231   0.0426   0.0139   0.0026   0.0537   1.0000   0.0000   0.0054   0.0000  -0.0000   0.0000
   0.5329   0.0000   0.0000   0.0000   0.0000   0.0000   0.0000   1.0000   0.0000   0.2584  -0.9990   0.0000
   0.0000   0.0231   0.0426   0.0139   0.0026   0.0537   0.0054   0.0000   1.0000   0.0000  -0.0000   0.0000
   0.1381   0.0000   0.0000   0.0000   0.0000   0.0000   0.0000   0.2584   0.0000   1.0000  -0.2589   0.0000
  -0.5339  -0.0000  -0.0000  -0.0000  -0.0000  -0.0000  -0.0000  -0.9990  -0.0000  -0.2589   1.0000   0.0000
   0.0000   0.0000   0.0000   0.0000   0.0000   0.0000   0.0000   0.0000   0.0000   0.0000   0.0000   0.0000
