
  RooFitResult: minimized FCN value: -312759, estimated distance to minimum: 9.48688e-05
                covariance matrix quality: Full, accurate covariance matrix
                Status : MIGRAD=0 HESSE=0 

    Constant Parameter    Value     
  --------------------  ------------
              peakFail    9.1188e+01

    Floating Parameter  InitialValue    FinalValue +/-  Error     GblCorr.
  --------------------  ------------  --------------------------  --------
              NbkgFail    1.7439e+03    1.7433e+03 +/-  7.30e+01  <none>
              NbkgPass    2.2290e+02    2.2306e+02 +/-  9.21e+01  <none>
                  Nsig    5.3641e+04    5.3645e+04 +/-  2.56e+02  <none>
              alfaFail    5.2717e+00    5.0958e+00 +/-  1.04e+02  <none>
              betaFail    4.2357e-02    4.2388e-02 +/-  1.20e-01  <none>
                   eff    8.8953e-01    8.8952e-01 +/-  1.69e-03  <none>
             gammaFail    1.6321e-02    1.6310e-02 +/-  2.04e-03  <none>
              meanFail   -1.1423e+00   -1.1429e+00 +/-  7.87e-02  <none>
              meanPass   -6.3112e-01   -6.3069e-01 +/-  2.04e-02  <none>
             sigmaFail    1.5909e-01    3.4570e-01 +/-  4.88e-01  <none>
             sigmaPass    4.4835e-03    1.4753e-01 +/-  7.06e-01  <none>
                 tPass   -2.5499e-02   -2.5498e-02 +/-  2.46e-02  <none>


  Correlation Matrix
 --------------------
   1.0000  -0.0008  -0.1907   0.1513   0.0106   0.4827  -0.0551   0.0125  -0.0000  -0.0413  -0.0000  -0.0005
  -0.0008   1.0000  -0.3515  -0.0002  -0.0000  -0.1105   0.0001  -0.0000   0.0110   0.0000   0.0000   0.6407
  -0.1907  -0.3515   1.0000  -0.0428  -0.0030  -0.0971   0.0156  -0.0035  -0.0040   0.0117  -0.0000  -0.2309
   0.1513  -0.0002  -0.0428   1.0000   0.1093   0.1085   0.4212   0.0682  -0.0000  -0.0134   0.0000  -0.0001
   0.0106  -0.0000  -0.0030   0.1093   1.0000   0.0076   0.0294   0.0047  -0.0000  -0.0009   0.0000  -0.0000
   0.4827  -0.1105  -0.0971   0.1085   0.0076   1.0000  -0.0396   0.0090  -0.0013  -0.0296  -0.0000  -0.0726
  -0.0551   0.0001   0.0156   0.4212   0.0294  -0.0396   1.0000   0.1776   0.0000   0.0012   0.0000   0.0001
   0.0125  -0.0000  -0.0035   0.0682   0.0047   0.0090   0.1776   1.0000  -0.0000  -0.0339   0.0000  -0.0000
  -0.0000   0.0110  -0.0040  -0.0000  -0.0000  -0.0013   0.0000  -0.0000   1.0000   0.0000   0.0008  -0.0815
  -0.0413   0.0000   0.0117  -0.0134  -0.0009  -0.0296   0.0012  -0.0339   0.0000   1.0000  -0.0000   0.0000
  -0.0000   0.0000  -0.0000   0.0000   0.0000  -0.0000   0.0000   0.0000   0.0008  -0.0000   1.0000  -0.0000
  -0.0005   0.6407  -0.2309  -0.0001  -0.0000  -0.0726   0.0001  -0.0000  -0.0815   0.0000  -0.0000   1.0000
