
  RooFitResult: minimized FCN value: -409108, estimated distance to minimum: 0.0018844
                covariance matrix quality: Full matrix, but forced positive-definite
                Status : MIGRAD=4 HESSE=0 

    Constant Parameter    Value     
  --------------------  ------------
              peakFail    9.1188e+01

    Floating Parameter  InitialValue    FinalValue +/-  Error     GblCorr.
  --------------------  ------------  --------------------------  --------
              NbkgFail    3.7768e+02    3.7538e+02 +/-  5.55e+01  <none>
              NbkgPass    2.5957e+02    2.6045e+02 +/-  4.57e+01  <none>
                  Nsig    6.6621e+04    6.6612e+04 +/-  2.17e+02  <none>
              alfaFail    1.1347e+02    1.1682e+02 +/-  4.62e+01  <none>
              betaFail    2.2166e-02    2.1308e-02 +/-  1.27e-02  <none>
                   eff    9.4564e-01    9.4560e-01 +/-  9.57e-04  <none>
             gammaFail    3.4127e-04    1.5312e-04 +/-  9.15e-01  <none>
              meanFail   -1.8474e-01   -1.8297e-01 +/-  7.77e-02  <none>
              meanPass   -1.4275e-01   -1.4269e-01 +/-  1.58e-02  <none>
             sigmaFail    1.0487e+00    1.0549e+00 +/-  1.97e-01  <none>
             sigmaPass    1.0351e+00    1.0351e+00 +/-  5.07e-02  <none>
                 tPass   -1.0521e-07   -5.1723e-10 +/-  7.28e-04  <none>


  Correlation Matrix
 --------------------
   1.0000  -0.0029  -0.1795   0.8551   0.8674   0.6197   0.8875   0.2174  -0.0001  -0.4253   0.0004   0.0002
  -0.0029   1.0000  -0.1248  -0.0027  -0.0028  -0.0266  -0.0028  -0.0007   0.0182   0.0013  -0.1202  -0.0479
  -0.1795  -0.1248   1.0000  -0.1702  -0.1727  -0.1200  -0.1767  -0.0432  -0.0026   0.0847   0.0170   0.0067
   0.8551  -0.0027  -0.1702   1.0000   0.9453   0.5880   0.9835   0.2392  -0.0001  -0.3949   0.0004   0.0001
   0.8674  -0.0028  -0.1727   0.9453   1.0000   0.5964   0.9838   0.2303  -0.0001  -0.3978   0.0004   0.0001
   0.6197  -0.0266  -0.1200   0.5880   0.5964   1.0000   0.6102   0.1494  -0.0006  -0.2926   0.0036   0.0014
   0.8875  -0.0028  -0.1767   0.9835   0.9838   0.6102   1.0000   0.2469  -0.0001  -0.4106   0.0004   0.0002
   0.2174  -0.0007  -0.0432   0.2392   0.2303   0.1494   0.2469   1.0000  -0.0000  -0.1328   0.0001   0.0000
  -0.0001   0.0182  -0.0026  -0.0001  -0.0001  -0.0006  -0.0001  -0.0000   1.0000   0.0000  -0.0652   0.0034
  -0.4253   0.0013   0.0847  -0.3949  -0.3978  -0.2926  -0.4106  -0.1328   0.0000   1.0000  -0.0002  -0.0001
   0.0004  -0.1202   0.0170   0.0004   0.0004   0.0036   0.0004   0.0001  -0.0652  -0.0002   1.0000   0.0049
   0.0002  -0.0479   0.0067   0.0001   0.0001   0.0014   0.0002   0.0000   0.0034  -0.0001   0.0049   1.0000
