
  RooFitResult: minimized FCN value: -2028.99, estimated distance to minimum: 1.215e-06
                covariance matrix quality: Full, accurate covariance matrix
                Status : MIGRAD=0 HESSE=0 

    Constant Parameter    Value     
  --------------------  ------------
              peakFail    9.1188e+01

    Floating Parameter  InitialValue    FinalValue +/-  Error     GblCorr.
  --------------------  ------------  --------------------------  --------
              NbkgFail    1.6885e+01    1.6883e+01 +/-  4.75e+00  <none>
              NbkgPass    4.3320e+01    4.3322e+01 +/-  1.17e+01  <none>
                  Nsig    9.1279e+02    9.1280e+02 +/-  3.17e+01  <none>
              alfaFail    6.2840e+01    6.2856e+01 +/-  7.94e+00  <none>
              betaFail    1.1977e-01    1.1934e-01 +/-  1.58e-01  <none>
                   eff    9.6591e-01    9.6591e-01 +/-  6.55e-03  <none>
             gammaFail    7.2455e-07    4.9079e-10 +/-  7.95e-02  <none>
              meanFail    3.7989e-01    3.7959e-01 +/-  5.45e-01  <none>
              meanPass    9.6482e-02    9.6528e-02 +/-  1.05e-01  <none>
             sigmaFail    6.4999e-01    6.5024e-01 +/-  5.86e-01  <none>
             sigmaPass    1.0859e-01    1.0866e-01 +/-  2.47e-01  <none>
                 tPass   -1.5857e-09   -1.7186e-13 +/-  1.02e-02  <none>


  Correlation Matrix
 --------------------
   1.0000  -0.0000  -0.0393   0.0998  -0.0462   0.2020   0.0006   0.0635   0.0000  -0.1723   0.0000  -0.0000
  -0.0000   1.0000  -0.2503  -0.0000   0.0000  -0.0454  -0.0000  -0.0000  -0.1347   0.0000  -0.3399  -0.0016
  -0.0393  -0.2503   1.0000  -0.0150   0.0069  -0.0137  -0.0001  -0.0095   0.0494   0.0259   0.1248   0.0006
   0.0998  -0.0000  -0.0150   1.0000   0.2087   0.0771   0.0034   0.0241   0.0000  -0.0656   0.0000  -0.0000
  -0.0462   0.0000   0.0069   0.2087   1.0000  -0.0357  -0.0011  -0.0067  -0.0000   0.0263  -0.0000   0.0000
   0.2020  -0.0454  -0.0137   0.0771  -0.0357   1.0000   0.0005   0.0491   0.0090  -0.1331   0.0226   0.0001
   0.0006  -0.0000  -0.0001   0.0034  -0.0011   0.0005   1.0000   0.0006   0.0000  -0.0007  -0.0000   0.0000
   0.0635  -0.0000  -0.0095   0.0241  -0.0067   0.0491   0.0006   1.0000  -0.0000  -0.3960   0.0000  -0.0000
   0.0000  -0.1347   0.0494   0.0000  -0.0000   0.0090   0.0000  -0.0000   1.0000  -0.0000  -0.1435   0.0008
  -0.1723   0.0000   0.0259  -0.0656   0.0263  -0.1331  -0.0007  -0.3960  -0.0000   1.0000  -0.0000   0.0000
   0.0000  -0.3399   0.1248   0.0000  -0.0000   0.0226  -0.0000   0.0000  -0.1435  -0.0000   1.0000   0.0015
  -0.0000  -0.0016   0.0006  -0.0000   0.0000   0.0001   0.0000  -0.0000   0.0008   0.0000   0.0015   1.0000
