Efficiency Table:
-----------------
           [   0, 0.8][ 0.8,1.4442][1.4442,1.556][1.556,   2][   2, 2.5]
[  10,  20] 0.4288657  0.4446026  0.5723881  0.5051013  0.5013867 
[  20,  30] 0.8218700  0.8131098  0.8527734  0.8071108  0.7476719 
[  30,  40] 0.9300628  0.9302373  0.9214444  0.9045143  0.8567661 
[  40,  50] 0.9512580  0.9521045  0.9405327  0.9321644  0.8924299 
[  50, 200] 0.9486550  0.9462662  0.9366653  0.9284725  0.8820224 
[ 200,8000] 0.9506680  0.9399142  0.9791667  0.9345455  0.9134615 

Low Errors Table:
-----------------
           [   0, 0.8][ 0.8,1.4442][1.4442,1.556][1.556,   2][   2, 2.5]
[  10,  20] 0.0014597  0.0017025  0.0054868  0.0025253  0.0024893 
[  20,  30] 0.0006129  0.0007553  0.0019669  0.0010996  0.0012525 
[  30,  40] 0.0002471  0.0002891  0.0009928  0.0004969  0.0006369 
[  40,  50] 0.0001930  0.0002242  0.0009260  0.0003500  0.0004824 
[  50, 200] 0.0003500  0.0004229  0.0016699  0.0005897  0.0008256 
[ 200,8000] 0.0079598  0.0103899  0.0462803  0.0185220  0.0370166 

High Errors Table:
------------------
           [   0, 0.8][ 0.8,1.4442][1.4442,1.556][1.556,   2][   2, 2.5]
[  10,  20] 0.0014609  0.0017038  0.0054692  0.0025250  0.0024892 
[  20,  30] 0.0006113  0.0007530  0.0019456  0.0010949  0.0012484 
[  30,  40] 0.0002463  0.0002880  0.0009815  0.0004946  0.0006345 
[  40,  50] 0.0001923  0.0002232  0.0009128  0.0003483  0.0004805 
[  50, 200] 0.0003478  0.0004198  0.0016304  0.0005852  0.0008206 
[ 200,8000] 0.0069654  0.0090321  0.0172408  0.0149843  0.0277402 


Efficiency:
-----------
[   0, 0.8][ 0.8,1.4442][1.4442,1.556][1.556,   2][   2, 2.5]
 0.9096094  0.9095699  0.9041639  0.8969119  0.8481318 

Low Errors:
-----------
[   0, 0.8][ 0.8,1.4442][1.4442,1.556][1.556,   2][   2, 2.5]
 0.0001596  0.0001878  0.0006520  0.0002739  0.0003530 

High Errors:
------------
[   0, 0.8][ 0.8,1.4442][1.4442,1.556][1.556,   2][   2, 2.5]
 0.0001593  0.0001874  0.0006480  0.0002732  0.0003523 


Efficiency:
-----------
[   0,   2][   2,   4][   4,   6][   6,   8][   8,  10][  10,  12][  12,  14][  14,  16][  16,  18][  18,  20][  20,  22][  22,  24][  24,  26][  26,  28][  28,  30][  30,1000]
 0.9193206  0.9174137  0.9175806  0.9159679  0.9131477  0.9101360  0.9056426  0.9005444  0.8959075  0.8908258  0.8853214  0.8799158  0.8720664  0.8660654  0.8620776  0.8454788 

Low Errors:
-----------
[   0,   2][   2,   4][   4,   6][   6,   8][   8,  10][  10,  12][  12,  14][  14,  16][  16,  18][  18,  20][  20,  22][  22,  24][  24,  26][  26,  28][  28,  30][  30,1000]
 0.0098778  0.0017023  0.0006974  0.0004196  0.0003184  0.0002780  0.0002685  0.0002779  0.0003025  0.0003472  0.0004187  0.0005323  0.0007173  0.0010090  0.0014778  0.0018180 

High Errors:
------------
[   0,   2][   2,   4][   4,   6][   6,   8][   8,  10][  10,  12][  12,  14][  14,  16][  16,  18][  18,  20][  20,  22][  22,  24][  24,  26][  26,  28][  28,  30][  30,1000]
 0.0089348  0.0016713  0.0006921  0.0004177  0.0003174  0.0002772  0.0002679  0.0002772  0.0003017  0.0003463  0.0004174  0.0005303  0.0007139  0.0010027  0.0014646  0.0018008 
