Efficiency Table:
-----------------
           [   0, 0.8][ 0.8,1.4442][1.4442,1.556][1.556,   2][   2, 2.5]
[  10,  20] 0.5299045  0.5353957  0.5647166  0.5780925  0.6375136 
[  20,  30] 0.5305954  0.5427667  0.5816800  0.5948390  0.6677158 
[  30,  40] 0.5314534  0.5449063  0.5782676  0.5976743  0.6779647 
[  40,  50] 0.5319168  0.5424260  0.5750537  0.5969978  0.6760742 
[  50,8000] 0.5299947  0.5421946  0.5864613  0.5970542  0.6800747 

Low Errors Table:
-----------------
           [   0, 0.8][ 0.8,1.4442][1.4442,1.556][1.556,   2][   2, 2.5]
[  10,  20] 0.0029125  0.0029862  0.0088022  0.0040182  0.0038931 
[  20,  30] 0.0010854  0.0012325  0.0036138  0.0017353  0.0017994 
[  30,  40] 0.0005831  0.0006883  0.0022902  0.0010047  0.0010645 
[  40,  50] 0.0005078  0.0006209  0.0024019  0.0008588  0.0009711 
[  50,8000] 0.0009051  0.0011178  0.0042304  0.0014672  0.0016945 

High Errors Table:
------------------
           [   0, 0.8][ 0.8,1.4442][1.4442,1.556][1.556,   2][   2, 2.5]
[  10,  20] 0.0029105  0.0029836  0.0087622  0.0040079  0.0038752 
[  20,  30] 0.0010851  0.0012320  0.0036051  0.0017329  0.0017946 
[  30,  40] 0.0005830  0.0006881  0.0022869  0.0010039  0.0010626 
[  40,  50] 0.0005077  0.0006207  0.0023983  0.0008582  0.0009696 
[  50,8000] 0.0009049  0.0011174  0.0042178  0.0014655  0.0016898 


