Efficiency Table:
-----------------
           [   0, 0.8][ 0.8,1.4442][1.4442,1.556][1.556,   2][   2, 2.5]
[  10,  20] 0.8977292  0.8849373  0.7916242  0.7357646  0.7826561 
[  20,  40] 0.9612831  0.9628026  0.9188292  0.9328522  0.9315686 
[  40,  60] 0.9758126  0.9786561  0.9635065  0.9655022  0.9545717 
[  60, 100] 0.9821240  0.9837858  0.9678422  0.9750127  0.9656287 
[ 100,8000] 0.9838719  0.9881899  0.9812795  0.9901021  0.9864609 

Low Errors Table:
-----------------
           [   0, 0.8][ 0.8,1.4442][1.4442,1.556][1.556,   2][   2, 2.5]
[  10,  20] 0.0141775  0.0148431  0.0571487  0.0242049  0.0257473 
[  20,  40] 0.0014322  0.0017465  0.0076521  0.0032284  0.0036987 
[  40,  60] 0.0010483  0.0012521  0.0075944  0.0020977  0.0028355 
[  60, 100] 0.0046939  0.0053747  0.0434548  0.0092063  0.0136209 
[ 100,8000] 0.0160064  0.0236090  0.2455091  0.0683536  0.0836833 

High Errors Table:
------------------
           [   0, 0.8][ 0.8,1.4442][1.4442,1.556][1.556,   2][   2, 2.5]
[  10,  20] 0.0108701  0.0118702  0.0427481  0.0236547  0.0240036 
[  20,  40] 0.0014467  0.0016430  0.0077815  0.0032760  0.0036389 
[  40,  60] 0.0010436  0.0011690  0.0052372  0.0020942  0.0027937 
[  60, 100] 0.0031333  0.0040799  0.0203256  0.0071316  0.0100383 
[ 100,8000] 0.0111707  0.0099341  0.0187205  0.0056933  0.0135391 


