Efficiency Table:
-----------------
           [   0, 0.8][ 0.8,1.4442][1.4442,1.556][1.556,   2][   2, 2.5]
[  10,  20] 0.8677924  0.8708989  0.8943375  0.8876358  0.8575688 
[  20,  30] 0.9531815  0.9539174  0.9502844  0.9452365  0.9000143 
[  30,  40] 0.9742925  0.9769040  0.9715101  0.9677844  0.9310773 
[  40,  50] 0.9800000  0.9823752  0.9805957  0.9750307  0.9426431 
[  50,8000] 0.9828660  0.9850322  0.9839724  0.9792142  0.9461336 

Low Errors Table:
-----------------
           [   0, 0.8][ 0.8,1.4442][1.4442,1.556][1.556,   2][   2, 2.5]
[  10,  20] 0.0059472  0.0067265  0.0202609  0.0101145  0.0109021 
[  20,  30] 0.0015618  0.0019536  0.0056256  0.0031921  0.0045605 
[  30,  40] 0.0006683  0.0007741  0.0027427  0.0014071  0.0021370 
[  40,  50] 0.0005525  0.0005938  0.0027987  0.0009708  0.0015973 
[  50,8000] 0.0009377  0.0010375  0.0052570  0.0014515  0.0026104 

High Errors Table:
------------------
           [   0, 0.8][ 0.8,1.4442][1.4442,1.556][1.556,   2][   2, 2.5]
[  10,  20] 0.0059354  0.0066498  0.0182255  0.0092544  0.0112052 
[  20,  30] 0.0015085  0.0018645  0.0055626  0.0029009  0.0040921 
[  30,  40] 0.0006635  0.0007408  0.0027463  0.0012904  0.0020666 
[  40,  50] 0.0005353  0.0006011  0.0020606  0.0009211  0.0015485 
[  50,8000] 0.0008807  0.0009906  0.0033859  0.0014717  0.0025597 


