Efficiency Table:
-----------------
           [   0, 0.8][ 0.8,1.4442][1.4442,1.556][1.556,   2][   2, 2.5]
[  10,  20] 0.8677924  0.8708989  0.8943375  0.8876358  0.8575688 
[  20,  30] 0.9531815  0.9539174  0.9502844  0.9452365  0.9000143 
[  30,  40] 0.9742925  0.9769040  0.9715101  0.9677844  0.9310773 
[  40,  50] 0.9800000  0.9823752  0.9805957  0.9750307  0.9426431 
[  50, 200] 0.9828712  0.9850377  0.9839453  0.9792070  0.9461350 
[ 200,8000] 0.9801072  0.9818049  1.0000000  0.9859701  0.9426192 

Low Errors Table:
-----------------
           [   0, 0.8][ 0.8,1.4442][1.4442,1.556][1.556,   2][   2, 2.5]
[  10,  20] 0.0059472  0.0067265  0.0202609  0.0101145  0.0109021 
[  20,  30] 0.0015618  0.0019536  0.0056256  0.0031921  0.0045605 
[  30,  40] 0.0006683  0.0007741  0.0027427  0.0014071  0.0021370 
[  40,  50] 0.0005525  0.0005938  0.0027987  0.0009708  0.0015973 
[  50, 200] 0.0009296  0.0010702  0.0042484  0.0014682  0.0026329 
[ 200,8000] 0.0602588  0.0527997  0.8413450  0.1541194  0.4012611 

High Errors Table:
------------------
           [   0, 0.8][ 0.8,1.4442][1.4442,1.556][1.556,   2][   2, 2.5]
[  10,  20] 0.0059354  0.0066498  0.0182255  0.0092544  0.0112052 
[  20,  30] 0.0015085  0.0018645  0.0055626  0.0029009  0.0040921 
[  30,  40] 0.0006635  0.0007408  0.0027463  0.0012904  0.0020666 
[  40,  50] 0.0005353  0.0006011  0.0020606  0.0009211  0.0015485 
[  50, 200] 0.0008899  0.0009613  0.0041975  0.0014581  0.0025391 
[ 200,8000] 0.0155833  0.0181951  0.0000000  0.0140299  0.0573808 


Efficiency:
-----------
[   0, 0.8][ 0.8,1.4442][1.4442,1.556][1.556,   2][   2, 2.5]
 0.9730938  0.9754829  0.9703768  0.9692748  0.9338699 

Low Errors:
-----------
[   0, 0.8][ 0.8,1.4442][1.4442,1.556][1.556,   2][   2, 2.5]
 0.0003999  0.0004526  0.0017417  0.0006937  0.0011113 

High Errors:
------------
[   0, 0.8][ 0.8,1.4442][1.4442,1.556][1.556,   2][   2, 2.5]
 0.0003897  0.0004436  0.0016212  0.0006925  0.0010955 


Efficiency:
-----------
[   0,   2][   2,   4][   4,   6][   6,   8][   8,  10][  10,  12][  12,  14][  14,  16][  16,  18][  18,  20][  20,  22][  22,  24][  24,  26][  26,  28][  28,  30][  30,1000]
 0.9761079  0.9752775  0.9751633  0.9745324  0.9738214  0.9724405  0.9717836  0.9706168  0.9693135  0.9676238  0.9655012  0.9634266  0.9611107  0.9593363  0.9565569  0.9478946 

Low Errors:
-----------
[   0,   2][   2,   4][   4,   6][   6,   8][   8,  10][  10,  12][  12,  14][  14,  16][  16,  18][  18,  20][  20,  22][  22,  24][  24,  26][  26,  28][  28,  30][  30,1000]
 0.0429986  0.0043490  0.0022633  0.0013252  0.0009351  0.0007939  0.0007388  0.0007561  0.0008143  0.0008964  0.0009680  0.0011099  0.0013387  0.0016933  0.0023665  0.0023931 

High Errors:
------------
[   0,   2][   2,   4][   4,   6][   6,   8][   8,  10][  10,  12][  12,  14][  14,  16][  16,  18][  18,  20][  20,  22][  22,  24][  24,  26][  26,  28][  28,  30][  30,1000]
 0.0134550  0.0045895  0.0020346  0.0012822  0.0009047  0.0007489  0.0007061  0.0007298  0.0007926  0.0008681  0.0009778  0.0010831  0.0012841  0.0016488  0.0021855  0.0021541 
