Efficiency Table:
-----------------
           [   0, 0.8][ 0.8,1.4442][1.4442,1.556][1.556,   2][   2, 2.5]
[  20,  40] 0.9937200  0.9929500  0.9101822  0.9943500  0.9924300 
[  40,  60] 0.9980700  0.9976500  0.9783600  0.9990200  0.9980600 
[  60,8000] 0.9981000  0.9977900  0.9821900  0.9983200  0.9976700 

Low Errors Table:
-----------------
           [   0, 0.8][ 0.8,1.4442][1.4442,1.556][1.556,   2][   2, 2.5]
[  20,  40] 0.0001550  0.0002240  0.0010432  0.0002570  0.0002080 
[  40,  60] 0.0000235  0.0000504  0.0008290  0.0000865  0.0000861 
[  60,8000] 0.0002370  0.0003210  0.0028500  0.0002660  0.0032100 

High Errors Table:
------------------
           [   0, 0.8][ 0.8,1.4442][1.4442,1.556][1.556,   2][   2, 2.5]
[  20,  40] 0.0001550  0.0002240  0.0011064  0.0002070  0.0002100 
[  40,  60] 0.0000235  0.0000504  0.0007230  0.0000865  0.0000861 
[  60,8000] 0.0002530  0.0003370  0.0025100  0.0002660  0.0032100 


