Efficiency Table:
-----------------
           [   0, 0.8][ 0.8,1.4442][1.4442,1.556][1.556,   2][   2, 2.5]
[  20,  40] 0.9937827  0.9928563  0.9237078  0.9940161  0.9888003 
[  40,  60] 0.9984677  0.9978530  0.9844801  0.9992180  0.9973182 
[  60,8000] 0.9983063  0.9982355  0.9874936  0.9991125  0.9976376 

Low Errors Table:
-----------------
           [   0, 0.8][ 0.8,1.4442][1.4442,1.556][1.556,   2][   2, 2.5]
[  20,  40] 0.0002969  0.0003813  0.0038226  0.0005522  0.0008694 
[  40,  60] 0.0001543  0.0002023  0.0019126  0.0001986  0.0003417 
[  60,8000] 0.0007350  0.0008252  0.0069957  0.0009696  0.0015805 

High Errors Table:
------------------
           [   0, 0.8][ 0.8,1.4442][1.4442,1.556][1.556,   2][   2, 2.5]
[  20,  40] 0.0002898  0.0003784  0.0035218  0.0005111  0.0007350 
[  40,  60] 0.0001318  0.0001917  0.0020393  0.0001328  0.0003247 
[  60,8000] 0.0005199  0.0007014  0.0079742  0.0006038  0.0012130 


