Efficiency Table:
-----------------
           [   0, 0.8][ 0.8,1.4442][1.4442,1.556][1.556,   2][   2, 2.5]
[  10,  20] 0.2382266  0.1921634  0.2076387  0.2954782  0.2736146 
[  20,  30] 0.5272244  0.5388517  0.5488075  0.5928445  0.6650737 
[  30,  40] 0.5307628  0.5442682  0.5578204  0.5973193  0.6776399 
[  40,  50] 0.5316657  0.5421581  0.5618872  0.5968086  0.6759330 
[  50,8000] 0.5295328  0.5417737  0.5764085  0.5968587  0.6798396 

Low Errors Table:
-----------------
           [   0, 0.8][ 0.8,1.4442][1.4442,1.556][1.556,   2][   2, 2.5]
[  10,  20] 0.0024787  0.0023508  0.0071223  0.0036966  0.0035898 
[  20,  30] 0.0010858  0.0012333  0.0036435  0.0017366  0.0018029 
[  30,  40] 0.0005831  0.0006884  0.0023027  0.0010048  0.0010647 
[  40,  50] 0.0005078  0.0006209  0.0024103  0.0008588  0.0009712 
[  50,8000] 0.0009051  0.0011179  0.0042438  0.0014673  0.0016949 

High Errors Table:
------------------
           [   0, 0.8][ 0.8,1.4442][1.4442,1.556][1.556,   2][   2, 2.5]
[  10,  20] 0.0024964  0.0023727  0.0073033  0.0037234  0.0036191 
[  20,  30] 0.0010855  0.0012328  0.0036383  0.0017343  0.0017981 
[  30,  40] 0.0005831  0.0006882  0.0023003  0.0010040  0.0010629 
[  40,  50] 0.0005078  0.0006208  0.0024074  0.0008582  0.0009697 
[  50,8000] 0.0009049  0.0011175  0.0042326  0.0014656  0.0016902 


