
  RooFitResult: minimized FCN value: -5.56888e+06, estimated distance to minimum: 0.000572484
                covariance matrix quality: Full matrix, but forced positive-definite
                Status : MIGRAD=0 HESSE=0 

    Constant Parameter    Value     
  --------------------  ------------
              peakFail    9.1188e+01

    Floating Parameter  InitialValue    FinalValue +/-  Error     GblCorr.
  --------------------  ------------  --------------------------  --------
              NbkgFail    7.1935e+03    7.1935e+03 +/-  8.10e+01  <none>
              NbkgPass    2.0867e+03    2.0862e+03 +/-  1.98e+03  <none>
                  Nsig    6.5318e+05    6.5318e+05 +/-  9.70e+02  <none>
                 aPass    1.0000e+01    1.0000e+01 +/-  1.10e+01  <none>
              alfaFail    7.9999e+01    7.9999e+01 +/-  5.36e-02  <none>
              betaFail    5.1907e-02    5.1907e-02 +/-  1.07e-03  <none>
                   eff    9.4211e-01    9.4211e-01 +/-  2.05e-04  <none>
             gammaFail    7.3152e-03    7.3153e-03 +/-  6.58e-04  <none>
              meanFail   -6.2865e-01   -6.2866e-01 +/-  1.55e-02  <none>
              meanPass   -4.3433e-01   -4.3433e-01 +/-  3.43e-03  <none>
             sigmaFail    7.6434e-01    7.6416e-01 +/-  6.18e-02  <none>
             sigmaPass    9.6421e-01    9.6420e-01 +/-  1.72e-02  <none>
                 tPass   -7.3294e-11   -5.3424e-10 +/-  2.65e-02  <none>


  Correlation Matrix
 --------------------
   1.0000  -0.0040  -0.0162   0.0003  -0.0166   0.1297   0.1448   0.1056  -0.0057  -0.0004  -0.1002   0.0031   0.0040
  -0.0040   1.0000  -0.8593  -0.0677   0.0002  -0.0014  -0.3856  -0.0011   0.0001   0.0927   0.0011  -0.7718  -0.9986
  -0.0162  -0.8593   1.0000   0.0582   0.0007  -0.0058   0.3238  -0.0047   0.0003  -0.0797   0.0045   0.6636   0.8585
   0.0003  -0.0677   0.0582   1.0000  -0.0000   0.0001   0.0261   0.0001  -0.0000  -0.0059  -0.0001   0.0522   0.0676
  -0.0166   0.0002   0.0007  -0.0000   1.0000   0.1801  -0.0066  -0.3022   0.0482   0.0000  -0.0017  -0.0001  -0.0002
   0.1297  -0.0014  -0.0058   0.0001   0.1801   1.0000   0.0515   0.1766   0.0024  -0.0001  -0.0280   0.0011   0.0014
   0.1448  -0.3856   0.3238   0.0261  -0.0066   0.0515   1.0000   0.0419  -0.0023  -0.0358  -0.0398   0.2978   0.3853
   0.1056  -0.0011  -0.0047   0.0001  -0.3022   0.1766   0.0419   1.0000   0.0500  -0.0001  -0.0297   0.0009   0.0011
  -0.0057   0.0001   0.0003  -0.0000   0.0482   0.0024  -0.0023   0.0500   1.0000   0.0000  -0.0099  -0.0000  -0.0001
  -0.0004   0.0927  -0.0797  -0.0059   0.0000  -0.0001  -0.0358  -0.0001   0.0000   1.0000   0.0001  -0.0830  -0.0926
  -0.1002   0.0011   0.0045  -0.0001  -0.0017  -0.0280  -0.0398  -0.0297  -0.0099   0.0001   1.0000  -0.0009  -0.0011
   0.0031  -0.7718   0.6636   0.0522  -0.0001   0.0011   0.2978   0.0009  -0.0000  -0.0830  -0.0009   1.0000   0.7711
   0.0040  -0.9986   0.8585   0.0676  -0.0002   0.0014   0.3853   0.0011  -0.0001  -0.0926  -0.0011   0.7711   1.0000
