
  RooFitResult: minimized FCN value: -1.03592e+06, estimated distance to minimum: 0.000442408
                covariance matrix quality: Full, accurate covariance matrix
                Status : MIGRAD=4 HESSE=0 MINOS=0 

    Constant Parameter    Value     
  --------------------  ------------
              peakFail    9.1188e+01

    Floating Parameter  InitialValue    FinalValue (+HiError,-LoError)    GblCorr.
  --------------------  ------------  ----------------------------------  --------
              NbkgFail    1.8273e+03    4.8404e+03         +/-  1.53e+02  <none>
              NbkgPass    5.0000e+01    1.5539e+03         +/-  1.18e+02  <none>
                  Nsig    1.2393e+05    1.4852e+05         +/-  4.23e+02  <none>
                 aPass    0.0000e+00    3.3762e+00         +/-  3.46e-03  <none>
              alfaFail    6.0000e+01    7.9997e+01         +/-  5.22e+00  <none>
              betaFail    5.0000e-02    2.7410e-02         +/-  4.45e-03  <none>
                   eff    8.0000e-01    9.0955e-01 (+1.15e-03,-1.13e-03)  <none>
             gammaFail    1.0000e-01   -2.1070e-02         +/-  2.87e-03  <none>
              meanFail    0.0000e+00   -7.1229e-01         +/-  5.06e-02  <none>
              meanPass    0.0000e+00   -4.7793e-01         +/-  1.27e-02  <none>
             sigmaFail    2.0000e+00    1.3099e+00         +/-  1.42e-01  <none>
             sigmaPass    2.0000e+00    5.7988e-01         +/-  6.59e-02  <none>
                 tPass   -1.0000e-06   -1.0170e-08         +/-  4.49e-04  <none>


  Correlation Matrix
 --------------------
   1.0000   0.0019  -0.2837  -0.0000  -0.0675   0.6506   0.6646   0.5910  -0.0795  -0.0000  -0.4931   0.0004   0.0002
   0.0019   1.0000   0.2422  -0.0000  -0.0002   0.0016   0.0578   0.0015  -0.0002  -0.0150  -0.0012   0.1756   0.1005
  -0.2837   0.2422   1.0000  -0.0000   0.0241  -0.2325  -0.2223  -0.2112   0.0285  -0.0041   0.1764   0.0480   0.0275
  -0.0000  -0.0000  -0.0000   1.0000   0.0000  -0.0000  -0.0000  -0.0000   0.0000  -0.0000   0.0000  -0.0000   0.0000
  -0.0675  -0.0002   0.0241   0.0000   1.0000   0.0501  -0.0565  -0.4934   0.0153   0.0000   0.0407  -0.0000  -0.0000
   0.6506   0.0016  -0.2325  -0.0000   0.0501   1.0000   0.5449   0.7334  -0.0283  -0.0000  -0.3981   0.0003   0.0002
   0.6646   0.0578  -0.2223  -0.0000  -0.0565   0.5449   1.0000   0.4949  -0.0667  -0.0010  -0.4132   0.0115   0.0066
   0.5910   0.0015  -0.2112  -0.0000  -0.4934   0.7334   0.4949   1.0000   0.0342  -0.0000  -0.3785   0.0003   0.0002
  -0.0795  -0.0002   0.0285   0.0000   0.0153  -0.0283  -0.0667   0.0342   1.0000   0.0000   0.1312  -0.0000  -0.0000
  -0.0000  -0.0150  -0.0041  -0.0000   0.0000  -0.0000  -0.0010  -0.0000   0.0000   1.0000   0.0000   0.1108   0.0078
  -0.4931  -0.0012   0.1764   0.0000   0.0407  -0.3981  -0.4132  -0.3785   0.1312   0.0000   1.0000  -0.0002  -0.0001
   0.0004   0.1756   0.0480  -0.0000  -0.0000   0.0003   0.0115   0.0003  -0.0000   0.1108  -0.0002   1.0000   0.0155
   0.0002   0.1005   0.0275   0.0000  -0.0000   0.0002   0.0066   0.0002  -0.0000   0.0078  -0.0001   0.0155   1.0000
