
  RooFitResult: minimized FCN value: -20116.2, estimated distance to minimum: 6.80023e-05
                covariance matrix quality: Approximation only, not accurate
                Status : MIGRAD=0 HESSE=0 MINOS=0 

    Constant Parameter    Value     
  --------------------  ------------
              massFail    9.1188e+01
              massPass    9.1188e+01
              peakFail    9.1188e+01
             widthFail    2.4952e+00
             widthPass    2.4952e+00

    Floating Parameter  InitialValue    FinalValue (+HiError,-LoError)    GblCorr.
  --------------------  ------------  ----------------------------------  --------
              NbkgFail    4.3100e+01    1.8444e+02         +/-  1.70e+01  <none>
              NbkgPass    5.0000e+01    7.6868e+02         +/-  4.10e+01  <none>
                  Nsig    4.7856e+03    5.0294e+03         +/-  7.46e+01  <none>
                 aPass    0.0000e+00    3.8131e-01         +/-  2.38e-01  <none>
              alfaFail    6.0000e+01    7.6886e+01         +/-  4.44e+00  <none>
             alphaFail    5.0000e+00    1.0034e+01         +/-  8.41e+00  <none>
             alphaPass    5.0000e+00    5.9616e+00         +/-  1.14e+01  <none>
              betaFail    5.0000e-02    3.3938e-02         +/-  1.04e-02  <none>
                   eff    8.0000e-01    9.5095e-01 (+1.03e-02,-9.60e-03)  <none>
             gammaFail    1.0000e-01    1.1492e-07         +/-  6.98e-03  <none>
              meanFail    0.0000e+00    9.8549e-01         +/-  4.46e-01  <none>
              meanPass    0.0000e+00    7.1462e-01         +/-  7.26e-02  <none>
                 nFail    1.0000e+00    1.0002e+00         +/-  9.49e-01  <none>
                 nPass    1.0000e+00    1.0210e+00         +/-  9.05e+00  <none>
             sigmaFail    1.0000e+00    4.2640e+00         +/-  4.42e-01  <none>
             sigmaPass    1.0000e+00    3.4321e+00         +/-  7.54e-02  <none>
                 tPass   -1.0000e-06   -2.2805e-10         +/-  1.27e-04  <none>


  Correlation Matrix
 --------------------
   1.0000   0.0000   0.0000   0.0000   0.0000   0.0000   0.0000   0.0000   0.0000   0.0000   0.0000   0.0000   0.0000   0.0000   0.0000   0.0000   0.0000
   0.0000   1.0000   0.0000   0.0000   0.0000   0.0000   0.0000   0.0000   0.0000   0.0000   0.0000   0.0000   0.0000   0.0000   0.0000   0.0000   0.0000
   0.0000   0.0000   1.0000   0.0000   0.0000   0.0000   0.0000   0.0000   0.0000   0.0000   0.0000   0.0000   0.0000   0.0000   0.0000   0.0000   0.0000
   0.0000   0.0000   0.0000   1.0000   0.0000   0.0000   0.0000   0.0000   0.0000   0.0000   0.0000   0.0000   0.0000   0.0000   0.0000   0.0000   0.0000
   0.0000   0.0000   0.0000   0.0000   1.0000   0.0000   0.0000   0.0000   0.0000   0.0000   0.0000   0.0000   0.0000   0.0000   0.0000   0.0000   0.0000
   0.0000   0.0000   0.0000   0.0000   0.0000   1.0000   0.0000   0.0000   0.0000   0.0000   0.0000   0.0000   0.0000   0.0000   0.0000   0.0000   0.0000
   0.0000   0.0000   0.0000   0.0000   0.0000   0.0000   1.0000   0.0000   0.0000   0.0000   0.0000   0.0000   0.0000   0.0000   0.0000   0.0000   0.0000
   0.0000   0.0000   0.0000   0.0000   0.0000   0.0000   0.0000   1.0000   0.0000   0.0000   0.0000   0.0000   0.0000   0.0000   0.0000   0.0000   0.0000
   0.0000   0.0000   0.0000   0.0000   0.0000   0.0000   0.0000   0.0000   1.0000   0.0000   0.0000   0.0000   0.0000   0.0000   0.0000   0.0000   0.0000
   0.0000   0.0000   0.0000   0.0000   0.0000   0.0000   0.0000   0.0000   0.0000   1.0000   0.0000   0.0000   0.0000   0.0000   0.0000   0.0000   0.0000
   0.0000   0.0000   0.0000   0.0000   0.0000   0.0000   0.0000   0.0000   0.0000   0.0000   1.0000   0.0000   0.0000   0.0000   0.0000   0.0000   0.0000
   0.0000   0.0000   0.0000   0.0000   0.0000   0.0000   0.0000   0.0000   0.0000   0.0000   0.0000   1.0000   0.0000   0.0000   0.0000   0.0000   0.0000
   0.0000   0.0000   0.0000   0.0000   0.0000   0.0000   0.0000   0.0000   0.0000   0.0000   0.0000   0.0000   1.0000   0.0000   0.0000   0.0000   0.0000
   0.0000   0.0000   0.0000   0.0000   0.0000   0.0000   0.0000   0.0000   0.0000   0.0000   0.0000   0.0000   0.0000   1.0000   0.0000   0.0000   0.0000
   0.0000   0.0000   0.0000   0.0000   0.0000   0.0000   0.0000   0.0000   0.0000   0.0000   0.0000   0.0000   0.0000   0.0000   1.0000   0.0000   0.0000
   0.0000   0.0000   0.0000   0.0000   0.0000   0.0000   0.0000   0.0000   0.0000   0.0000   0.0000   0.0000   0.0000   0.0000   0.0000   1.0000   0.0000
   0.0000   0.0000   0.0000   0.0000   0.0000   0.0000   0.0000   0.0000   0.0000   0.0000   0.0000   0.0000   0.0000   0.0000   0.0000   0.0000   1.0000
