
  RooFitResult: minimized FCN value: -3.22345e+06, estimated distance to minimum: 1.33087e-06
                covariance matrix quality: Full, accurate covariance matrix
                Status : MIGRAD=4 HESSE=0 MINOS=0 

    Constant Parameter    Value     
  --------------------  ------------
              peakFail    9.1188e+01

    Floating Parameter  InitialValue    FinalValue (+HiError,-LoError)    GblCorr.
  --------------------  ------------  ----------------------------------  --------
              NbkgFail    2.0742e+03    4.9600e+03         +/-  1.25e+02  <none>
              NbkgPass    5.0000e+01    4.2184e+03         +/-  2.05e+02  <none>
                  Nsig    3.2321e+05    3.9483e+05         +/-  6.64e+02  <none>
                 aPass    0.0000e+00    1.0000e+01         +/-  1.34e+01  <none>
              alfaFail    6.0000e+01    8.0000e+01         +/-  2.84e-01  <none>
              betaFail    5.0000e-02    3.5387e-02         +/-  1.91e-03  <none>
                   eff    8.0000e-01    9.6003e-01 (+3.98e-04,-3.99e-04)  <none>
             gammaFail    1.0000e-01    1.2464e-10         +/-  2.95e-04  <none>
              meanFail    0.0000e+00   -1.0191e-01         +/-  2.98e-02  <none>
              meanPass    0.0000e+00   -7.7079e-02         +/-  5.43e-03  <none>
             sigmaFail    2.0000e+00    3.2370e-01         +/-  1.03e-01  <none>
             sigmaPass    2.0000e+00    2.4310e-01         +/-  2.67e-02  <none>
                 tPass   -1.0000e-06   -3.9968e-13         +/-  1.90e-04  <none>


  Correlation Matrix
 --------------------
   1.0000   0.0017  -0.1249   0.0000   0.0203  -0.3757   0.5177   0.0719  -0.0313  -0.0000  -0.2056   0.0002   0.0002
   0.0017   1.0000   0.2684   0.0097   0.0001  -0.0010   0.0472   0.0002  -0.0001  -0.0133  -0.0005   0.0993   0.1123
  -0.1249   0.2684   1.0000   0.0029  -0.0037   0.0688  -0.0812  -0.0131   0.0057  -0.0040   0.0377   0.0297   0.0337
   0.0000   0.0097   0.0029   1.0000   0.0000  -0.0000   0.0005   0.0000  -0.0000   0.0005  -0.0000   0.0009  -0.0003
   0.0203   0.0001  -0.0037   0.0000   1.0000  -0.2007   0.0153  -0.0563   0.0251  -0.0000  -0.0143   0.0000   0.0000
  -0.3757  -0.0010   0.0688  -0.0000  -0.2007   1.0000  -0.2854  -0.2270   0.0491   0.0000   0.1114  -0.0001  -0.0001
   0.5177   0.0472  -0.0812   0.0005   0.0153  -0.2854   1.0000   0.0546  -0.0238  -0.0007  -0.1564   0.0052   0.0059
   0.0719   0.0002  -0.0131   0.0000  -0.0563  -0.2270   0.0546   1.0000   0.0170  -0.0000  -0.0304   0.0000   0.0000
  -0.0313  -0.0001   0.0057  -0.0000   0.0251   0.0491  -0.0238   0.0170   1.0000   0.0000   0.0963  -0.0000  -0.0000
  -0.0000  -0.0133  -0.0040   0.0005  -0.0000   0.0000  -0.0007  -0.0000   0.0000   1.0000   0.0000   0.1310   0.0068
  -0.2056  -0.0005   0.0377  -0.0000  -0.0143   0.1114  -0.1564  -0.0304   0.0963   0.0000   1.0000  -0.0001  -0.0001
   0.0002   0.0993   0.0297   0.0009   0.0000  -0.0001   0.0052   0.0000  -0.0000   0.1310  -0.0001   1.0000   0.0102
   0.0002   0.1123   0.0337  -0.0003   0.0000  -0.0001   0.0059   0.0000  -0.0000   0.0068  -0.0001   0.0102   1.0000
