
  RooFitResult: minimized FCN value: -1.01362e+07, estimated distance to minimum: 0.207235
                covariance matrix quality: Full, accurate covariance matrix
                Status : MIGRAD=4 HESSE=0 MINOS=0 

    Constant Parameter    Value     
  --------------------  ------------
              peakFail    9.1188e+01

    Floating Parameter  InitialValue    FinalValue +/-  Error     GblCorr.
  --------------------  ------------  --------------------------  --------
              NbkgFail    5.4064e+03    9.5131e+03 +/-  3.06e+02  <none>
              NbkgPass    5.0000e+01    3.8262e+03 +/-  2.52e+02  <none>
                  Nsig    8.9494e+05    1.1054e+06 +/-  1.11e+03  <none>
                 aPass    0.0000e+00    3.7770e-01 +/-  5.85e-01  <none>
              alfaFail    6.0000e+01    7.6626e+01 +/-  1.82e+00  <none>
              betaFail    5.0000e-02    5.3547e-02 +/-  8.59e-03  <none>
                   eff    8.0000e-01    9.5969e-01 +/-  3.14e-04  <none>
             gammaFail    1.0000e-01    9.8963e-04 +/-  9.93e-04  <none>
              meanFail    0.0000e+00   -3.7645e-01 +/-  2.47e-02  <none>
              meanPass    0.0000e+00   -3.0333e-01 +/-  3.76e-03  <none>
             sigmaFail    2.0000e+00    9.7807e-01 +/-  7.53e-02  <none>
             sigmaPass    2.0000e+00    8.4277e-01 +/-  1.17e-02  <none>
                 tPass   -1.0000e-06   -2.2122e-06 +/-  1.00e-03  <none>


  Correlation Matrix
 --------------------
   1.0000   0.0041  -0.2366  -0.0003  -0.8031   0.8471   0.7608   0.2369   0.4373  -0.0000  -0.6321   0.0005   0.0018
   0.0041   1.0000   0.1997  -0.0789  -0.0037   0.0039   0.0303   0.0011   0.0020  -0.0004  -0.0029   0.1181   0.4046
  -0.2366   0.1997   1.0000  -0.0169   0.2115  -0.2231  -0.1947  -0.0624  -0.1151  -0.0001   0.1666   0.0252   0.0866
  -0.0003  -0.0789  -0.0169   1.0000   0.0003  -0.0003  -0.0026  -0.0001  -0.0002  -0.0060   0.0002  -0.0076   0.0887
  -0.8031  -0.0037   0.2115   0.0003   1.0000  -0.9632  -0.6800  -0.4810  -0.5332   0.0000   0.5854  -0.0005  -0.0016
   0.8471   0.0039  -0.2231  -0.0003  -0.9632   1.0000   0.7173   0.3752   0.5221  -0.0000  -0.6093   0.0005   0.0017
   0.7608   0.0303  -0.1947  -0.0026  -0.6800   0.7173   1.0000   0.2006   0.3703  -0.0000  -0.5356   0.0038   0.0131
   0.2369   0.0011  -0.0624  -0.0001  -0.4810   0.3752   0.2006   1.0000   0.1830  -0.0000  -0.1742   0.0001   0.0005
   0.4373   0.0020  -0.1151  -0.0002  -0.5332   0.5221   0.3703   0.1830   1.0000  -0.0000  -0.3578   0.0003   0.0009
  -0.0000  -0.0004  -0.0001  -0.0060   0.0000  -0.0000  -0.0000  -0.0000  -0.0000   1.0000   0.0000  -0.0649   0.0438
  -0.6321  -0.0029   0.1666   0.0002   0.5854  -0.6093  -0.5356  -0.1742  -0.3578   0.0000   1.0000  -0.0004  -0.0013
   0.0005   0.1181   0.0252  -0.0076  -0.0005   0.0005   0.0038   0.0001   0.0003  -0.0649  -0.0004   1.0000   0.0321
   0.0018   0.4046   0.0866   0.0887  -0.0016   0.0017   0.0131   0.0005   0.0009   0.0438  -0.0013   0.0321   1.0000
