
  RooFitResult: minimized FCN value: -175009, estimated distance to minimum: 3.71473e-06
                covariance matrix quality: Full, accurate covariance matrix
                Status : MIGRAD=4 HESSE=0 MINOS=0 

    Constant Parameter    Value     
  --------------------  ------------
              peakFail    9.1188e+01

    Floating Parameter  InitialValue    FinalValue (+HiError,-LoError)    GblCorr.
  --------------------  ------------  ----------------------------------  --------
              NbkgFail    1.9597e+03    1.5887e+04         +/-  3.03e+02  <none>
              NbkgPass    5.0000e+01    1.9343e+03         +/-  1.26e+02  <none>
                  Nsig    3.1678e+04    2.1777e+04         +/-  3.35e+02  <none>
                 aPass    0.0000e+00    1.8513e-05         +/-  7.22e-03  <none>
              alfaFail    6.0000e+01    5.0000e+01         +/-  3.81e+00  <none>
              betaFail    5.0000e-02    2.0000e-01         +/-  1.36e-01  <none>
                   eff    8.0000e-01    8.2962e-01 (+1.11e-02,-1.09e-02)  <none>
             gammaFail    1.0000e-01    2.8547e-02         +/-  5.45e-04  <none>
              meanFail    0.0000e+00   -1.1096e+00         +/-  3.82e-01  <none>
              meanPass    0.0000e+00   -1.1678e+00         +/-  5.14e-02  <none>
             sigmaFail    2.0000e+00    1.5967e+00         +/-  4.87e-01  <none>
             sigmaPass    2.0000e+00    1.6296e+00         +/-  1.28e-01  <none>
                 tPass   -1.0000e-06   -4.8240e-02         +/-  7.81e-03  <none>


  Correlation Matrix
 --------------------
   1.0000   0.0001  -0.7501  -0.0000  -0.0014  -0.0011   0.8806   0.0042   0.0090   0.0000  -0.3658  -0.0000  -0.0000
   0.0001   1.0000  -0.3317  -0.0649  -0.0000  -0.0000  -0.0798   0.0000   0.0000   0.1036  -0.0002  -0.4632  -0.3129
  -0.7501  -0.3317   1.0000   0.0245   0.0013   0.0010  -0.7687  -0.0039  -0.0082  -0.0391   0.3319   0.1747   0.1179
  -0.0000  -0.0649   0.0245   1.0000   0.0000   0.0000   0.0059  -0.0000  -0.0000  -0.0092   0.0000   0.0351   0.8797
  -0.0014  -0.0000   0.0013   0.0000   1.0000  -0.2079  -0.0015  -0.0146   0.0057  -0.0000  -0.0009   0.0000   0.0000
  -0.0011  -0.0000   0.0010   0.0000  -0.2079   1.0000  -0.0011  -0.0140   0.0051  -0.0000  -0.0004   0.0000   0.0000
   0.8806  -0.0798  -0.7687   0.0059  -0.0015  -0.0011   1.0000   0.0045   0.0096  -0.0094  -0.3895   0.0420   0.0284
   0.0042   0.0000  -0.0039  -0.0000  -0.0146  -0.0140   0.0045   1.0000   0.0689   0.0000  -0.2230  -0.0000  -0.0000
   0.0090   0.0000  -0.0082  -0.0000   0.0057   0.0051   0.0096   0.0689   1.0000   0.0000  -0.2023  -0.0000  -0.0000
   0.0000   0.1036  -0.0391  -0.0092  -0.0000  -0.0000  -0.0094   0.0000   0.0000   1.0000  -0.0000  -0.1808  -0.0170
  -0.3658  -0.0002   0.3319   0.0000  -0.0009  -0.0004  -0.3895  -0.2230  -0.2023  -0.0000   1.0000   0.0001   0.0001
  -0.0000  -0.4632   0.1747   0.0351   0.0000   0.0000   0.0420  -0.0000  -0.0000  -0.1808   0.0001   1.0000   0.2395
  -0.0000  -0.3129   0.1179   0.8797   0.0000   0.0000   0.0284  -0.0000  -0.0000  -0.0170   0.0001   0.2395   1.0000
