
  RooFitResult: minimized FCN value: -19258.6, estimated distance to minimum: 0.00357723
                covariance matrix quality: Approximation only, not accurate
                Status : MIGRAD=0 HESSE=0 MINOS=0 

    Constant Parameter    Value     
  --------------------  ------------
              massFail    9.1188e+01
              massPass    9.1188e+01
              peakFail    9.1188e+01
             widthFail    2.4952e+00
             widthPass    2.4952e+00

    Floating Parameter  InitialValue    FinalValue (+HiError,-LoError)    GblCorr.
  --------------------  ------------  ----------------------------------  --------
              NbkgFail    1.4700e+01    6.8296e+01         +/-  1.02e+01  <none>
              NbkgPass    5.0000e+01    6.9314e+02         +/-  3.93e+01  <none>
                  Nsig    4.4408e+03    4.7896e+03         +/-  7.23e+01  <none>
                 aPass    0.0000e+00    9.9992e+00         +/-  1.71e+01  <none>
              alfaFail    6.0000e+01    8.0000e+01         +/-  2.32e+01  <none>
             alphaFail    5.0000e+00    7.7739e+00         +/-  1.14e+01  <none>
             alphaPass    5.0000e+00    1.9996e+01         +/-  1.58e+01  <none>
              betaFail    5.0000e-02    5.7285e-02         +/-  1.64e-02  <none>
                   eff    8.0000e-01    9.8437e-01 (+2.63e-03,-8.06e-03)  <none>
             gammaFail    1.0000e-01    1.8795e-02         +/-  9.74e-03  <none>
              meanFail    0.0000e+00   -7.0500e+00         +/-  8.11e-01  <none>
              meanPass    0.0000e+00    7.9654e-01         +/-  7.17e-02  <none>
                 nFail    1.0000e+00    9.9969e-01         +/-  2.52e+00  <none>
                 nPass    1.0000e+00    1.1473e+00         +/-  2.68e+00  <none>
             sigmaFail    1.0000e+00    4.3149e+00         +/-  6.97e-01  <none>
             sigmaPass    1.0000e+00    3.3689e+00         +/-  7.39e-02  <none>
                 tPass   -1.0000e-06   -9.5367e-06         +/-  1.30e-04  <none>


  Correlation Matrix
 --------------------
   1.0000   0.0000   0.0000   0.0000   0.0000   0.0000   0.0000   0.0000   0.0000   0.0000   0.0000   0.0000   0.0000   0.0000   0.0000   0.0000   0.0000
   0.0000   1.0000   0.0000   0.0000   0.0000   0.0000   0.0000   0.0000   0.0000   0.0000   0.0000   0.0000   0.0000   0.0000   0.0000   0.0000   0.0000
   0.0000   0.0000   1.0000   0.0000   0.0000   0.0000   0.0000   0.0000   0.0000   0.0000   0.0000   0.0000   0.0000   0.0000   0.0000   0.0000   0.0000
   0.0000   0.0000   0.0000   1.0000   0.0000   0.0000   0.0000   0.0000   0.0000   0.0000   0.0000   0.0000   0.0000   0.0000   0.0000   0.0000   0.0000
   0.0000   0.0000   0.0000   0.0000   1.0000   0.0000   0.0000   0.0000   0.0000   0.0000   0.0000   0.0000   0.0000   0.0000   0.0000   0.0000   0.0000
   0.0000   0.0000   0.0000   0.0000   0.0000   1.0000   0.0000   0.0000   0.0000   0.0000   0.0000   0.0000   0.0000   0.0000   0.0000   0.0000   0.0000
   0.0000   0.0000   0.0000   0.0000   0.0000   0.0000   1.0000   0.0000   0.0000   0.0000   0.0000   0.0000   0.0000   0.0000   0.0000   0.0000   0.0000
   0.0000   0.0000   0.0000   0.0000   0.0000   0.0000   0.0000   1.0000   0.0000   0.0000   0.0000   0.0000   0.0000   0.0000   0.0000   0.0000   0.0000
   0.0000   0.0000   0.0000   0.0000   0.0000   0.0000   0.0000   0.0000   1.0000   0.0000   0.0000   0.0000   0.0000   0.0000   0.0000   0.0000   0.0000
   0.0000   0.0000   0.0000   0.0000   0.0000   0.0000   0.0000   0.0000   0.0000   1.0000   0.0000   0.0000   0.0000   0.0000   0.0000   0.0000   0.0000
   0.0000   0.0000   0.0000   0.0000   0.0000   0.0000   0.0000   0.0000   0.0000   0.0000   1.0000   0.0000   0.0000   0.0000   0.0000   0.0000   0.0000
   0.0000   0.0000   0.0000   0.0000   0.0000   0.0000   0.0000   0.0000   0.0000   0.0000   0.0000   1.0000   0.0000   0.0000   0.0000   0.0000   0.0000
   0.0000   0.0000   0.0000   0.0000   0.0000   0.0000   0.0000   0.0000   0.0000   0.0000   0.0000   0.0000   1.0000   0.0000   0.0000   0.0000   0.0000
   0.0000   0.0000   0.0000   0.0000   0.0000   0.0000   0.0000   0.0000   0.0000   0.0000   0.0000   0.0000   0.0000   1.0000   0.0000   0.0000   0.0000
   0.0000   0.0000   0.0000   0.0000   0.0000   0.0000   0.0000   0.0000   0.0000   0.0000   0.0000   0.0000   0.0000   0.0000   1.0000   0.0000   0.0000
   0.0000   0.0000   0.0000   0.0000   0.0000   0.0000   0.0000   0.0000   0.0000   0.0000   0.0000   0.0000   0.0000   0.0000   0.0000   1.0000   0.0000
   0.0000   0.0000   0.0000   0.0000   0.0000   0.0000   0.0000   0.0000   0.0000   0.0000   0.0000   0.0000   0.0000   0.0000   0.0000   0.0000   1.0000
