
  RooFitResult: minimized FCN value: -949023, estimated distance to minimum: 0.0928474
                covariance matrix quality: Full, accurate covariance matrix
                Status : MIGRAD=4 HESSE=0 MINOS=0 

    Constant Parameter    Value     
  --------------------  ------------
              peakFail    9.1188e+01

    Floating Parameter  InitialValue    FinalValue (+HiError,-LoError)    GblCorr.
  --------------------  ------------  ----------------------------------  --------
              NbkgFail    5.4200e+01    2.4122e+02         +/-  3.83e+01  <none>
              NbkgPass    5.0000e+01    1.4386e+03         +/-  1.16e+02  <none>
                  Nsig    1.0931e+05    1.3495e+05         +/-  3.86e+02  <none>
                 aPass    0.0000e+00    5.1876e+00         +/-  1.48e+01  <none>
              alfaFail    6.5000e+01    8.4966e+01         +/-  2.50e+01  <none>
              betaFail    5.0000e-02    3.7656e-02         +/-  2.11e-02  <none>
                   eff    8.0000e-01    9.9777e-01 (+2.27e-04,-2.29e-04)  <none>
             gammaFail    1.0000e-01   -5.3612e-03         +/-  2.08e-02  <none>
              meanFail    0.0000e+00   -1.1541e+00         +/-  2.95e-01  <none>
              meanPass    0.0000e+00   -4.8170e-01         +/-  1.27e-02  <none>
             sigmaFail    2.0000e+00    5.4978e-01         +/-  3.11e-01  <none>
             sigmaPass    2.0000e+00    5.6962e-01         +/-  6.70e-02  <none>
                 tPass   -1.0000e-06   -2.5291e-10         +/-  5.36e-04  <none>


  Correlation Matrix
 --------------------
   1.0000   0.0019   0.0867   0.0000  -0.5873  -0.7940   0.8212   0.7815   0.1109   0.0000   0.2534  -0.0004  -0.0002
   0.0019   1.0000   0.2806   0.0073  -0.0013  -0.0018  -0.0039   0.0018   0.0002   0.0151   0.0006  -0.1768  -0.1168
   0.0867   0.2806   1.0000   0.0023  -0.0610  -0.0824   0.0835   0.0811   0.0114   0.0048   0.0264  -0.0555  -0.0365
   0.0000   0.0073   0.0023   1.0000  -0.0000  -0.0000  -0.0000   0.0000   0.0000  -0.0004   0.0000  -0.0012   0.0000
  -0.5873  -0.0013  -0.0610  -0.0000   1.0000   0.6796  -0.5781  -0.8062  -0.1290  -0.0000  -0.1427   0.0003   0.0002
  -0.7940  -0.0018  -0.0824  -0.0000   0.6796   1.0000  -0.7816  -0.9434  -0.1847  -0.0000  -0.1939   0.0004   0.0002
   0.8212  -0.0039   0.0835  -0.0000  -0.5781  -0.7816   1.0000   0.7692   0.1090  -0.0001   0.2496   0.0008   0.0005
   0.7815   0.0018   0.0811   0.0000  -0.8062  -0.9434   0.7692   1.0000   0.2180   0.0000   0.2048  -0.0003  -0.0002
   0.1109   0.0002   0.0114   0.0000  -0.1290  -0.1847   0.1090   0.2180   1.0000   0.0000  -0.0547  -0.0000  -0.0000
   0.0000   0.0151   0.0048  -0.0004  -0.0000  -0.0000  -0.0001   0.0000   0.0000   1.0000   0.0000   0.1090   0.0082
   0.2534   0.0006   0.0264   0.0000  -0.1427  -0.1939   0.2496   0.2048  -0.0547   0.0000   1.0000  -0.0001  -0.0001
  -0.0004  -0.1768  -0.0555  -0.0012   0.0003   0.0004   0.0008  -0.0003  -0.0000   0.1090  -0.0001   1.0000   0.0182
  -0.0002  -0.1168  -0.0365   0.0000   0.0002   0.0002   0.0005  -0.0002  -0.0000   0.0082  -0.0001   0.0182   1.0000
