
  RooFitResult: minimized FCN value: -492834, estimated distance to minimum: 0.00949259
                covariance matrix quality: Approximation only, not accurate
                Status : MIGRAD=4 HESSE=0 MINOS=0 

    Constant Parameter    Value     
  --------------------  ------------
              massFail    9.1188e+01
              peakFail    9.1188e+01
             widthFail    2.4952e+00

    Floating Parameter  InitialValue    FinalValue (+HiError,-LoError)    GblCorr.
  --------------------  ------------  ----------------------------------  --------
              NbkgFail    1.9860e+02    3.1023e+02         +/-  2.94e+01  <none>
              NbkgPass    5.0000e+01    3.1451e+02         +/-  6.95e+01  <none>
                  Nsig    6.2433e+04    7.7423e+04         +/-  2.79e+02  <none>
                 aPass    0.0000e+00    6.5943e+00         +/-  1.15e+01  <none>
              alfaFail    6.0000e+01    7.0000e+01         +/-  5.67e-01  <none>
             alphaFail    5.0000e+00    1.9966e+01         +/-  1.33e+01  <none>
              betaFail    5.0000e-02    2.0000e-01         +/-  2.62e-02  <none>
                   eff    8.0000e-01    9.7836e-01 (+8.29e-04,-7.23e-04)  <none>
             gammaFail    1.0000e-01    1.5562e-02         +/-  5.10e-03  <none>
              meanFail    0.0000e+00   -3.5789e+00         +/-  1.67e-01  <none>
              meanPass    0.0000e+00   -5.7683e-02         +/-  1.77e-02  <none>
                 nFail    1.0000e+00    1.0003e+00         +/-  2.52e+00  <none>
             sigmaFail    1.0000e+00    4.9161e+00         +/-  1.55e-01  <none>
             sigmaPass    2.0000e+00    1.3151e+00         +/-  4.52e-02  <none>
                 tPass   -1.0000e-06   -6.4269e-12         +/-  2.24e-03  <none>


  Correlation Matrix
 --------------------
   1.0000   0.0000   0.0000   0.0000   0.0000   0.0000   0.0000   0.0000   0.0000   0.0000   0.0000   0.0000   0.0000   0.0000   0.0000
   0.0000   1.0000   0.0000   0.0000   0.0000   0.0000   0.0000   0.0000   0.0000   0.0000   0.0000   0.0000   0.0000   0.0000   0.0000
   0.0000   0.0000   1.0000   0.0000   0.0000   0.0000   0.0000   0.0000   0.0000   0.0000   0.0000   0.0000   0.0000   0.0000   0.0000
   0.0000   0.0000   0.0000   1.0000   0.0000   0.0000   0.0000   0.0000   0.0000   0.0000   0.0000   0.0000   0.0000   0.0000   0.0000
   0.0000   0.0000   0.0000   0.0000   1.0000   0.0000   0.0000   0.0000   0.0000   0.0000   0.0000   0.0000   0.0000   0.0000   0.0000
   0.0000   0.0000   0.0000   0.0000   0.0000   1.0000   0.0000   0.0000   0.0000   0.0000   0.0000   0.0000   0.0000   0.0000   0.0000
   0.0000   0.0000   0.0000   0.0000   0.0000   0.0000   1.0000   0.0000   0.0000   0.0000   0.0000   0.0000   0.0000   0.0000   0.0000
   0.0000   0.0000   0.0000   0.0000   0.0000   0.0000   0.0000   1.0000   0.0000   0.0000   0.0000   0.0000   0.0000   0.0000   0.0000
   0.0000   0.0000   0.0000   0.0000   0.0000   0.0000   0.0000   0.0000   1.0000   0.0000   0.0000   0.0000   0.0000   0.0000   0.0000
   0.0000   0.0000   0.0000   0.0000   0.0000   0.0000   0.0000   0.0000   0.0000   1.0000   0.0000   0.0000   0.0000   0.0000   0.0000
   0.0000   0.0000   0.0000   0.0000   0.0000   0.0000   0.0000   0.0000   0.0000   0.0000   1.0000   0.0000   0.0000   0.0000   0.0000
   0.0000   0.0000   0.0000   0.0000   0.0000   0.0000   0.0000   0.0000   0.0000   0.0000   0.0000   1.0000   0.0000   0.0000   0.0000
   0.0000   0.0000   0.0000   0.0000   0.0000   0.0000   0.0000   0.0000   0.0000   0.0000   0.0000   0.0000   1.0000   0.0000   0.0000
   0.0000   0.0000   0.0000   0.0000   0.0000   0.0000   0.0000   0.0000   0.0000   0.0000   0.0000   0.0000   0.0000   1.0000   0.0000
   0.0000   0.0000   0.0000   0.0000   0.0000   0.0000   0.0000   0.0000   0.0000   0.0000   0.0000   0.0000   0.0000   0.0000   1.0000
