
  RooFitResult: minimized FCN value: -3.02713e+06, estimated distance to minimum: 0.129671
                covariance matrix quality: Full matrix, but forced positive-definite
                Status : MIGRAD=4 HESSE=0 

    Constant Parameter    Value     
  --------------------  ------------
              peakFail    9.1188e+01

    Floating Parameter  InitialValue    FinalValue +/-  Error     GblCorr.
  --------------------  ------------  --------------------------  --------
              NbkgFail    1.6012e+02    1.6012e+02 +/-  1.26e+01  <none>
              NbkgPass    1.0667e+03    1.0667e+03 +/-  1.36e+03  <none>
                  Nsig    3.7026e+05    3.7026e+05 +/-  7.30e+02  <none>
                 aPass    9.9997e+00    9.9997e+00 +/-  1.62e+01  <none>
              alfaFail    7.1942e+01    7.1942e+01 +/-  8.99e-01  <none>
              betaFail    1.7665e-01    1.7665e-01 +/-  3.08e-02  <none>
                   eff    9.9807e-01    9.9807e-01 +/-  5.03e-05  <none>
             gammaFail    9.8904e-08    9.8904e-08 +/-  3.86e-04  <none>
              meanFail   -1.2370e+00   -1.2370e+00 +/-  1.40e-01  <none>
              meanPass   -5.4869e-01   -5.4869e-01 +/-  4.40e-03  <none>
             sigmaFail    1.1650e+00    1.1650e+00 +/-  2.27e-01  <none>
             sigmaPass    9.2396e-01    9.2396e-01 +/-  2.35e-02  <none>
                 tPass   -1.8071e-03   -1.8071e-03 +/-  5.78e-02  <none>


  Correlation Matrix
 --------------------
   1.0000  -0.0002  -0.0047   0.0001   0.0461  -0.0131   0.1965  -0.1521  -0.0192  -0.0000  -0.0998   0.0002   0.0002
  -0.0002   1.0000  -0.8481  -0.1513  -0.0021   0.0005  -0.0684  -0.0002  -0.0001   0.0998   0.0002  -0.8474  -0.9986
  -0.0047  -0.8481   1.0000   0.1284   0.0019  -0.0005   0.0557   0.0022   0.0003  -0.0846   0.0010   0.7190   0.8473
   0.0001  -0.1513   0.1284   1.0000   0.0003  -0.0001   0.0104   0.0000   0.0000  -0.0140  -0.0000   0.1280   0.1510
   0.0461  -0.0021   0.0019   0.0003   1.0000  -0.2462   0.0237   0.2672   0.0170  -0.0002   0.0036   0.0018   0.0021
  -0.0131   0.0005  -0.0005  -0.0001  -0.2462   1.0000  -0.0068   0.0318   0.0177   0.0001  -0.0029  -0.0005  -0.0005
   0.1965  -0.0684   0.0557   0.0104   0.0237  -0.0068   1.0000  -0.0766  -0.0094  -0.0068  -0.0498   0.0580   0.0683
  -0.1521  -0.0002   0.0022   0.0000   0.2672   0.0318  -0.0766   1.0000   0.1311  -0.0000   0.0380   0.0002   0.0002
  -0.0192  -0.0001   0.0003   0.0000   0.0170   0.0177  -0.0094   0.1311   1.0000  -0.0000   0.0149   0.0001   0.0001
  -0.0000   0.0998  -0.0846  -0.0140  -0.0002   0.0001  -0.0068  -0.0000  -0.0000   1.0000   0.0000  -0.1016  -0.0996
  -0.0998   0.0002   0.0010  -0.0000   0.0036  -0.0029  -0.0498   0.0380   0.0149   0.0000   1.0000  -0.0001  -0.0002
   0.0002  -0.8474   0.7190   0.1280   0.0018  -0.0005   0.0580   0.0002   0.0001  -0.1016  -0.0001   1.0000   0.8466
   0.0002  -0.9986   0.8473   0.1510   0.0021  -0.0005   0.0683   0.0002   0.0001  -0.0996  -0.0002   0.8466   1.0000
