
  RooFitResult: minimized FCN value: -198604, estimated distance to minimum: 50.9057
                covariance matrix quality: Approximation only, not accurate
                Status : MIGRAD=4 HESSE=0 

    Constant Parameter    Value     
  --------------------  ------------
              peakFail    9.1188e+01

    Floating Parameter  InitialValue    FinalValue +/-  Error     GblCorr.
  --------------------  ------------  --------------------------  --------
              NbkgFail    4.6450e+02    4.6450e+02 +/-  3.22e+01  <none>
              NbkgPass    2.2209e+03    2.2209e+03 +/-  1.14e+02  <none>
                  Nsig    3.5424e+04    3.5424e+04 +/-  1.91e+02  <none>
                 aPass    7.3980e-05    7.3980e-05 +/-  5.77e-03  <none>
              alfaFail    5.6710e+01    5.1357e+01 +/-  1.76e+01  <none>
              betaFail    3.3931e-08    3.3931e-08 +/-  1.46e-01  <none>
                   eff    9.7647e-01    9.7647e-01 +/-  1.74e-03  <none>
             gammaFail    2.9563e-02    2.9563e-02 +/-  4.50e-02  <none>
              meanFail   -5.3337e-01   -5.3337e-01 +/-  2.75e-01  <none>
              meanPass   -7.5479e-01   -7.5479e-01 +/-  3.09e-02  <none>
             sigmaFail    1.0119e+00    1.0119e+00 +/-  3.17e-01  <none>
             sigmaPass    9.1894e-01    9.1894e-01 +/-  1.12e-01  <none>
                 tPass   -3.9296e-02   -3.9296e-02 +/-  4.39e-03  <none>


  Correlation Matrix
 --------------------
   1.0000   0.0000   0.0000   0.0000   0.0000   0.0000   0.0000   0.0000   0.0000   0.0000   0.0000   0.0000   0.0000
   0.0000   1.0000   0.0000   0.0000   0.0000   0.0000   0.0000   0.0000   0.0000   0.0000   0.0000   0.0000   0.0000
   0.0000   0.0000   1.0000   0.0000   0.0000   0.0000   0.0000   0.0000   0.0000   0.0000   0.0000   0.0000   0.0000
   0.0000   0.0000   0.0000   1.0000   0.0000   0.0000   0.0000   0.0000   0.0000   0.0000   0.0000   0.0000   0.0000
   0.0000   0.0000   0.0000   0.0000   1.0000   0.0000   0.0000   0.0000   0.0000   0.0000   0.0000   0.0000   0.0000
   0.0000   0.0000   0.0000   0.0000   0.0000   1.0000   0.0000   0.0000   0.0000   0.0000   0.0000   0.0000   0.0000
   0.0000   0.0000   0.0000   0.0000   0.0000   0.0000   1.0000   0.0000   0.0000   0.0000   0.0000   0.0000   0.0000
   0.0000   0.0000   0.0000   0.0000   0.0000   0.0000   0.0000   1.0000   0.0000   0.0000   0.0000   0.0000   0.0000
   0.0000   0.0000   0.0000   0.0000   0.0000   0.0000   0.0000   0.0000   1.0000   0.0000   0.0000   0.0000   0.0000
   0.0000   0.0000   0.0000   0.0000   0.0000   0.0000   0.0000   0.0000   0.0000   1.0000   0.0000   0.0000   0.0000
   0.0000   0.0000   0.0000   0.0000   0.0000   0.0000   0.0000   0.0000   0.0000   0.0000   1.0000   0.0000   0.0000
   0.0000   0.0000   0.0000   0.0000   0.0000   0.0000   0.0000   0.0000   0.0000   0.0000   0.0000   1.0000   0.0000
   0.0000   0.0000   0.0000   0.0000   0.0000   0.0000   0.0000   0.0000   0.0000   0.0000   0.0000   0.0000   1.0000
