
  RooFitResult: minimized FCN value: -939.488, estimated distance to minimum: 9.49352e-05
                covariance matrix quality: Approximation only, not accurate
                Status : MIGRAD=0 HESSE=0 MINOS=0 

    Constant Parameter    Value     
  --------------------  ------------
              massFail    9.1188e+01
              massPass    9.1188e+01
             widthFail    2.4952e+00
             widthPass    2.4952e+00

    Floating Parameter  InitialValue    FinalValue (+HiError,-LoError)    GblCorr.
  --------------------  ------------  ----------------------------------  --------
              NbkgFail    2.4000e+00    1.0077e-02         +/-  3.52e+00  <none>
              NbkgPass    5.0000e+01    6.8477e+01         +/-  1.29e+01  <none>
                  Nsig    5.3920e+02    6.0561e+02         +/-  2.54e+01  <none>
                 aFail    0.0000e+00   -8.0527e-03         +/-  4.45e-05  <none>
                 aPass    0.0000e+00    3.1290e+00         +/-  1.51e+01  <none>
             alphaFail    5.0000e+00    1.9782e+01         +/-  1.93e+01  <none>
             alphaPass    5.0000e+00    1.7755e+01         +/-  5.31e+00  <none>
                   eff    8.0000e-01    9.6039e-01 (+7.65e-03,-8.51e-03)  <none>
              meanFail    0.0000e+00   -7.6274e+00         +/-  1.35e+00  <none>
              meanPass    0.0000e+00    3.6298e-01         +/-  1.89e-01  <none>
                 nFail    1.0000e+00    9.9994e-01         +/-  2.52e+00  <none>
                 nPass    1.0000e+00    2.3261e+00         +/-  3.56e+00  <none>
             sigmaFail    1.0000e+00    5.0000e+00         +/-  3.60e-01  <none>
             sigmaPass    1.0000e+00    3.1041e+00         +/-  1.90e-01  <none>
                 tFail   -1.0000e-06   -2.6846e-06         +/-  9.70e+00  <none>
                 tPass   -1.0000e-06   -6.5609e-03         +/-  8.64e-03  <none>


  Correlation Matrix
 --------------------
   1.0000   0.0000   0.0000   0.0000   0.0000   0.0000   0.0000   0.0000   0.0000   0.0000   0.0000   0.0000   0.0000   0.0000   0.0000   0.0000
   0.0000   1.0000   0.0000   0.0000   0.0000   0.0000   0.0000   0.0000   0.0000   0.0000   0.0000   0.0000   0.0000   0.0000   0.0000   0.0000
   0.0000   0.0000   1.0000   0.0000   0.0000   0.0000   0.0000   0.0000   0.0000   0.0000   0.0000   0.0000   0.0000   0.0000   0.0000   0.0000
   0.0000   0.0000   0.0000   1.0000   0.0000   0.0000   0.0000   0.0000   0.0000   0.0000   0.0000   0.0000   0.0000   0.0000   0.0000   0.0000
   0.0000   0.0000   0.0000   0.0000   1.0000   0.0000   0.0000   0.0000   0.0000   0.0000   0.0000   0.0000   0.0000   0.0000   0.0000   0.0000
   0.0000   0.0000   0.0000   0.0000   0.0000   1.0000   0.0000   0.0000   0.0000   0.0000   0.0000   0.0000   0.0000   0.0000   0.0000   0.0000
   0.0000   0.0000   0.0000   0.0000   0.0000   0.0000   1.0000   0.0000   0.0000   0.0000   0.0000   0.0000   0.0000   0.0000   0.0000   0.0000
   0.0000   0.0000   0.0000   0.0000   0.0000   0.0000   0.0000   1.0000   0.0000   0.0000   0.0000   0.0000   0.0000   0.0000   0.0000   0.0000
   0.0000   0.0000   0.0000   0.0000   0.0000   0.0000   0.0000   0.0000   1.0000   0.0000   0.0000   0.0000   0.0000   0.0000   0.0000   0.0000
   0.0000   0.0000   0.0000   0.0000   0.0000   0.0000   0.0000   0.0000   0.0000   1.0000   0.0000   0.0000   0.0000   0.0000   0.0000   0.0000
   0.0000   0.0000   0.0000   0.0000   0.0000   0.0000   0.0000   0.0000   0.0000   0.0000   1.0000   0.0000   0.0000   0.0000   0.0000   0.0000
   0.0000   0.0000   0.0000   0.0000   0.0000   0.0000   0.0000   0.0000   0.0000   0.0000   0.0000   1.0000   0.0000   0.0000   0.0000   0.0000
   0.0000   0.0000   0.0000   0.0000   0.0000   0.0000   0.0000   0.0000   0.0000   0.0000   0.0000   0.0000   1.0000   0.0000   0.0000   0.0000
   0.0000   0.0000   0.0000   0.0000   0.0000   0.0000   0.0000   0.0000   0.0000   0.0000   0.0000   0.0000   0.0000   1.0000   0.0000   0.0000
   0.0000   0.0000   0.0000   0.0000   0.0000   0.0000   0.0000   0.0000   0.0000   0.0000   0.0000   0.0000   0.0000   0.0000   1.0000   0.0000
   0.0000   0.0000   0.0000   0.0000   0.0000   0.0000   0.0000   0.0000   0.0000   0.0000   0.0000   0.0000   0.0000   0.0000   0.0000   1.0000
