
  RooFitResult: minimized FCN value: -492190, estimated distance to minimum: 621.746
                covariance matrix quality: Approximation only, not accurate
                Status : MIGRAD=4 HESSE=0 MINOS=0 

    Constant Parameter    Value     
  --------------------  ------------
              massFail    9.1188e+01
              massPass    9.1188e+01
              peakFail    9.1188e+01
             widthFail    2.4952e+00
             widthPass    2.4952e+00

    Floating Parameter  InitialValue    FinalValue (+HiError,-LoError)    GblCorr.
  --------------------  ------------  ----------------------------------  --------
              NbkgFail    1.9860e+02    6.3988e+02         +/-  3.78e+01  <none>
              NbkgPass    5.0000e+01    8.3951e+02         +/-  9.05e+01  <none>
                  Nsig    6.2433e+04    7.6564e+04         +/-  2.79e+02  <none>
                 aPass    0.0000e+00    9.4145e+00         +/-  1.96e+01  <none>
              alfaFail    6.0000e+01    7.6992e+01         +/-  3.90e-01  <none>
             alphaFail    5.0000e+00    9.1228e+00         +/-  1.30e+01  <none>
             alphaPass    5.0000e+00    8.5097e+00         +/-  1.09e+01  <none>
              betaFail    5.0000e-02    1.4488e-01         +/-  8.25e-03  <none>
                   eff    8.0000e-01    9.8242e-01 (+2.27e-03,-2.16e-03)  <none>
             gammaFail    1.0000e-01    6.0587e-02         +/-  3.14e-03  <none>
              meanFail    0.0000e+00   -3.0881e+00         +/-  1.87e-01  <none>
              meanPass    0.0000e+00   -4.9403e-01         +/-  1.80e-02  <none>
                 nFail    1.0000e+00    1.0059e+00         +/-  2.52e+00  <none>
                 nPass    1.0000e+00    1.1803e+00         +/-  2.71e+00  <none>
             sigmaFail    1.0000e+00    4.2428e+00         +/-  1.72e-01  <none>
             sigmaPass    1.0000e+00    3.6361e+00         +/-  1.79e-02  <none>
                 tPass   -1.0000e-06   -3.2273e-11         +/-  1.12e-04  <none>


  Correlation Matrix
 --------------------
   1.0000   0.0000   0.0000   0.0000   0.0000   0.0000   0.0000   0.0000   0.0000   0.0000   0.0000   0.0000   0.0000   0.0000   0.0000   0.0000   0.0000
   0.0000   1.0000   0.0000   0.0000   0.0000   0.0000   0.0000   0.0000   0.0000   0.0000   0.0000   0.0000   0.0000   0.0000   0.0000   0.0000   0.0000
   0.0000   0.0000   1.0000   0.0000   0.0000   0.0000   0.0000   0.0000   0.0000   0.0000   0.0000   0.0000   0.0000   0.0000   0.0000   0.0000   0.0000
   0.0000   0.0000   0.0000   1.0000   0.0000   0.0000   0.0000   0.0000   0.0000   0.0000   0.0000   0.0000   0.0000   0.0000   0.0000   0.0000   0.0000
   0.0000   0.0000   0.0000   0.0000   1.0000   0.0000   0.0000   0.0000   0.0000   0.0000   0.0000   0.0000   0.0000   0.0000   0.0000   0.0000   0.0000
   0.0000   0.0000   0.0000   0.0000   0.0000   1.0000   0.0000   0.0000   0.0000   0.0000   0.0000   0.0000   0.0000   0.0000   0.0000   0.0000   0.0000
   0.0000   0.0000   0.0000   0.0000   0.0000   0.0000   1.0000   0.0000   0.0000   0.0000   0.0000   0.0000   0.0000   0.0000   0.0000   0.0000   0.0000
   0.0000   0.0000   0.0000   0.0000   0.0000   0.0000   0.0000   1.0000   0.0000   0.0000   0.0000   0.0000   0.0000   0.0000   0.0000   0.0000   0.0000
   0.0000   0.0000   0.0000   0.0000   0.0000   0.0000   0.0000   0.0000   1.0000   0.0000   0.0000   0.0000   0.0000   0.0000   0.0000   0.0000   0.0000
   0.0000   0.0000   0.0000   0.0000   0.0000   0.0000   0.0000   0.0000   0.0000   1.0000   0.0000   0.0000   0.0000   0.0000   0.0000   0.0000   0.0000
   0.0000   0.0000   0.0000   0.0000   0.0000   0.0000   0.0000   0.0000   0.0000   0.0000   1.0000   0.0000   0.0000   0.0000   0.0000   0.0000   0.0000
   0.0000   0.0000   0.0000   0.0000   0.0000   0.0000   0.0000   0.0000   0.0000   0.0000   0.0000   1.0000   0.0000   0.0000   0.0000   0.0000   0.0000
   0.0000   0.0000   0.0000   0.0000   0.0000   0.0000   0.0000   0.0000   0.0000   0.0000   0.0000   0.0000   1.0000   0.0000   0.0000   0.0000   0.0000
   0.0000   0.0000   0.0000   0.0000   0.0000   0.0000   0.0000   0.0000   0.0000   0.0000   0.0000   0.0000   0.0000   1.0000   0.0000   0.0000   0.0000
   0.0000   0.0000   0.0000   0.0000   0.0000   0.0000   0.0000   0.0000   0.0000   0.0000   0.0000   0.0000   0.0000   0.0000   1.0000   0.0000   0.0000
   0.0000   0.0000   0.0000   0.0000   0.0000   0.0000   0.0000   0.0000   0.0000   0.0000   0.0000   0.0000   0.0000   0.0000   0.0000   1.0000   0.0000
   0.0000   0.0000   0.0000   0.0000   0.0000   0.0000   0.0000   0.0000   0.0000   0.0000   0.0000   0.0000   0.0000   0.0000   0.0000   0.0000   1.0000
